,gray,violet,blue,green,yellow,orange,red,brown
,0.0 - 31.88,31.88 - 63.76,63.76 - 95.64,95.64 - 127.52,127.52 - 159.4,159.4 - 191.28,191.28 - 223.16,223.16 - 255.04
0,2.21,0.0,29.27,0.0,0.0,22.69,0.0,45.83
1,3.73,0.0,36.99,0.0,0.0,18.76,0.0,40.53
2,11.93,0.0,19.99,0.0,0.0,22.58,0.0,45.51
3,10.56,0.0,35.17,0.0,0.0,17.76,0.0,36.5
4,6.64,0.0,26.93,0.0,0.0,25.41,0.0,41.02
5,13.81,0.0,29.57,0.0,0.0,17.93,0.0,38.69
6,5.52,0.0,25.35,0.0,0.0,21.95,0.0,47.17
7,8.21,0.0,31.63,0.0,0.0,14.64,0.0,45.52
8,6.88,0.0,45.26,0.0,0.0,17.32,0.0,30.54
9,3.03,0.0,31.44,0.0,0.0,24.3,0.0,41.23
10,11.89,0.0,31.54,0.0,0.0,14.41,0.0,42.16
11,15.31,0.0,24.03,0.0,0.0,19.36,0.0,41.3
12,14.48,0.0,28.65,0.0,0.0,17.24,0.0,39.64
13,15.05,0.0,35.59,0.0,0.0,13.2,0.0,36.16
14,6.02,0.0,37.0,0.0,0.2,20.44,0.0,36.35
15,5.88,0.0,35.34,0.0,0.0,19.76,0.0,39.02
16,7.42,0.0,29.94,0.0,0.0,15.79,0.0,46.85
17,3.94,0.0,28.36,0.0,0.0,21.2,0.0,46.5
18,3.42,0.0,27.31,0.0,0.0,20.22,0.0,49.06
19,16.48,0.0,30.7,0.0,2.59,17.36,0.0,32.89
20,6.67,0.0,31.27,0.0,0.0,21.76,0.0,40.31
21,13.88,0.0,29.35,0.0,0.0,13.91,0.0,42.87
22,11.31,0.0,30.32,0.0,0.0,21.52,0.0,36.85
23,11.15,0.0,30.65,0.0,0.0,19.45,0.0,38.75
24,6.89,0.0,35.87,0.0,0.0,16.1,0.0,41.13
25,5.44,0.0,24.45,0.0,0.0,25.72,0.0,44.39
26,11.59,0.0,30.02,0.0,0.0,19.87,0.0,38.52
27,1.67,0.0,39.92,0.0,0.0,22.88,0.0,35.53
28,11.12,0.0,29.62,0.0,0.0,18.36,0.0,40.9
29,7.44,0.0,31.17,0.0,0.0,22.75,0.0,38.65
30,6.48,0.0,29.12,0.0,0.0,22.07,0.0,42.33
31,8.53,0.0,34.0,0.0,0.0,22.64,0.0,34.83
32,7.31,0.0,29.61,0.0,0.0,23.32,0.0,39.76
33,5.93,0.0,26.02,0.0,0.0,19.64,0.0,48.41
34,3.63,0.0,40.32,0.0,0.0,20.33,0.0,35.72
35,12.19,0.0,33.48,0.0,0.0,17.71,0.0,36.63
36,6.13,0.0,31.01,0.0,0.0,17.0,0.0,45.86
37,5.31,0.0,20.7,0.0,0.0,17.51,0.0,56.49
38,11.07,0.0,30.26,0.0,0.0,18.31,0.0,40.35
39,10.35,0.0,32.48,0.0,0.0,16.53,0.0,40.64
40,4.73,0.0,41.29,0.0,0.0,17.66,0.0,36.31
41,10.27,0.0,33.03,0.0,0.0,20.59,0.0,36.12
42,8.45,0.0,31.81,0.0,0.0,17.76,0.0,41.99
43,7.52,0.0,34.28,0.0,0.0,15.9,0.0,42.3
44,7.4,0.0,25.87,0.0,0.0,24.98,0.0,41.75
45,12.49,0.0,30.41,0.0,0.0,17.82,0.0,39.29
46,8.39,0.0,29.99,0.0,0.0,18.75,0.0,42.87
47,25.66,0.0,28.14,0.0,0.0,13.23,0.0,32.97
48,2.41,0.0,28.26,0.0,0.02,31.01,0.0,38.3
49,8.49,0.0,28.16,0.0,0.0,16.15,0.0,47.21
50,10.7,0.0,32.35,0.0,0.0,16.61,0.0,40.33
51,12.84,0.0,24.35,0.0,0.18,22.88,0.0,39.76
52,7.61,0.0,32.9,0.0,0.0,23.96,0.0,35.53
53,6.81,0.0,32.21,0.0,0.0,16.09,0.0,44.88
54,11.73,0.0,25.24,0.0,0.0,19.56,0.0,43.47
55,5.77,0.0,24.72,0.0,0.0,16.12,0.0,53.4
56,6.48,0.0,41.05,0.0,0.0,13.29,0.0,39.19
57,6.69,0.0,39.32,0.0,0.0,20.41,0.0,33.58
58,6.23,0.0,32.39,0.0,0.0,23.06,0.0,38.32
59,9.25,0.0,24.08,0.0,0.0,22.01,0.0,44.66
60,8.29,0.0,27.48,0.0,0.0,24.54,0.0,39.69
61,12.96,0.0,35.79,0.0,0.0,15.27,0.0,35.98
62,6.7,0.0,31.16,0.0,0.0,19.91,0.0,42.23
63,2.84,0.0,28.5,0.0,0.0,22.82,0.0,45.84
64,11.52,0.0,34.92,0.0,0.0,17.73,0.0,35.83
65,10.66,0.0,36.91,0.0,0.0,15.58,0.0,36.85
66,9.67,0.0,33.55,0.0,0.0,21.02,0.0,35.76
67,5.05,0.0,30.66,0.0,0.0,16.73,0.0,47.56
68,7.71,0.0,42.46,0.0,0.0,17.22,0.0,32.61
69,15.53,0.0,29.32,0.0,0.0,15.48,0.0,39.67
70,7.79,0.0,34.84,0.0,0.0,17.81,0.0,39.55
71,1.77,0.0,35.2,0.0,0.0,24.03,0.0,39.0
72,4.65,0.0,20.51,0.0,0.0,25.38,0.0,49.46
73,2.29,0.0,35.93,0.0,0.0,25.5,0.0,36.28
74,9.69,0.0,32.48,0.0,0.0,19.71,0.0,38.11
75,9.5,0.0,31.22,0.0,0.0,21.1,0.0,38.19
76,4.22,0.0,26.74,0.0,0.0,27.23,0.0,41.81
77,3.23,0.0,27.23,0.0,0.0,27.4,0.0,42.14
78,9.89,0.0,33.75,0.0,0.0,16.0,0.0,40.37
79,7.88,0.0,27.86,0.0,0.0,24.03,0.0,40.22
80,3.36,0.0,23.9,0.0,0.0,29.67,0.0,43.06
81,8.16,0.0,31.38,0.0,0.0,19.67,0.0,40.78
82,4.7,0.0,28.66,0.0,0.0,23.99,0.0,42.65
83,8.28,0.0,33.82,0.0,0.0,18.82,0.0,39.07
84,3.24,0.0,30.86,0.0,0.0,23.53,0.0,42.36
85,10.87,0.0,33.09,0.0,0.0,15.48,0.0,40.56
86,8.57,0.0,24.29,0.0,0.0,26.34,0.0,40.8
87,8.07,0.0,28.95,0.0,0.0,18.26,0.0,44.72
88,8.28,0.0,23.89,0.0,0.0,19.12,0.0,48.71
89,13.8,0.0,38.97,0.0,0.0,10.95,0.0,36.28
90,10.24,0.0,28.51,0.0,0.0,17.62,0.0,43.63
91,15.68,0.0,30.16,0.0,0.0,18.8,0.0,35.36
92,10.8,0.0,28.04,0.0,0.0,24.59,0.0,36.56
93,5.76,0.0,21.85,0.0,0.21,26.33,0.0,45.84
94,8.2,0.0,31.85,0.0,0.0,17.8,0.0,42.14
95,6.4,0.0,31.81,0.0,0.0,19.01,0.0,42.77
96,5.18,0.0,29.84,0.0,0.0,24.11,0.0,40.86
97,14.92,0.0,29.3,0.0,0.0,16.83,0.0,38.95
98,5.86,0.0,28.87,0.0,0.0,19.77,0.0,45.5
99,6.27,0.0,22.92,0.0,0.0,22.76,0.0,48.06
100,9.46,0.0,33.12,0.0,0.0,16.25,0.0,41.16
101,8.76,0.0,29.48,0.0,0.0,18.38,0.0,43.38
102,15.58,0.0,30.75,0.0,0.0,14.08,0.0,39.58
103,19.33,0.0,24.87,0.0,0.27,21.17,0.0,34.36
104,10.46,0.0,27.97,0.0,0.0,18.22,0.0,43.35
105,15.74,0.0,30.51,0.0,0.0,13.58,0.0,40.17
106,7.91,0.0,34.16,0.0,0.0,18.71,0.0,39.21
107,6.24,0.0,27.95,0.0,0.0,17.46,0.0,48.35
108,6.76,0.0,28.72,0.0,0.0,25.31,0.0,39.21
109,12.99,0.0,28.0,0.0,0.0,19.85,0.0,39.16
110,14.08,0.0,26.66,0.0,0.0,24.95,0.0,34.31
111,6.67,0.0,30.29,0.0,0.0,19.52,0.0,43.52
112,6.37,0.0,37.05,0.0,0.07,24.14,0.0,32.36
113,7.51,0.0,26.82,0.0,0.0,17.05,0.0,48.62
114,10.54,0.0,25.64,0.0,0.0,16.73,0.0,47.1
115,7.3,0.0,35.23,0.0,0.0,17.02,0.0,40.44
116,9.6,0.0,28.76,0.0,0.0,17.36,0.0,44.27
117,5.92,0.0,21.16,0.0,0.0,24.68,0.0,48.24
118,3.64,0.0,31.58,0.0,0.0,27.29,0.0,37.49
119,6.76,0.0,29.19,0.0,0.0,17.3,0.0,46.75
120,4.37,0.0,25.83,0.0,0.0,28.74,0.0,41.06
121,5.93,0.0,27.16,0.0,0.0,18.45,0.0,48.46
122,3.65,0.0,27.58,0.0,0.0,19.81,0.0,48.96
123,9.68,0.0,29.12,0.0,0.0,25.36,0.0,35.85
124,11.01,0.0,32.66,0.0,0.0,17.34,0.0,38.99
125,6.39,0.0,27.67,0.0,0.0,22.5,0.0,43.44
126,6.33,0.0,25.77,0.0,0.0,22.85,0.0,45.05
127,7.41,0.0,29.88,0.0,0.0,14.92,0.0,47.79
128,8.28,0.0,26.76,0.0,0.0,21.9,0.0,43.06
129,19.07,0.0,34.05,0.0,0.0,12.89,0.0,33.99
130,17.93,0.0,25.36,0.0,0.0,20.17,0.0,36.54
131,5.74,0.0,18.44,0.0,0.07,25.7,0.0,50.05
132,14.22,0.0,29.1,0.0,0.0,16.06,0.0,40.61
133,11.06,0.0,30.3,0.0,0.0,19.24,0.0,39.41
134,3.53,0.0,28.18,0.0,0.0,24.4,0.0,43.9
135,8.99,0.0,30.3,0.0,0.0,19.36,0.0,41.35
136,3.1,0.0,27.01,0.0,0.0,27.37,0.0,42.52
137,7.72,0.0,32.56,0.0,0.0,14.88,0.0,44.83
138,13.3,0.0,34.06,0.0,0.0,17.67,0.0,34.97
139,13.29,0.0,23.23,0.0,0.0,24.99,0.0,38.5
140,12.13,0.0,31.48,0.0,0.0,17.44,0.0,38.95
141,12.48,0.0,34.58,0.0,0.0,10.55,0.0,42.39
142,4.75,0.0,26.16,0.0,0.0,27.39,0.0,41.7
143,16.19,0.0,29.69,0.0,0.0,17.26,0.0,36.86
144,7.12,0.0,24.6,0.0,0.0,20.99,0.0,47.3
145,4.72,0.0,24.04,0.0,0.0,32.15,0.0,39.08
146,13.55,0.0,26.63,0.0,0.0,21.72,0.0,38.11
147,13.29,0.0,29.32,0.0,0.0,15.18,0.0,42.21
148,8.29,0.0,29.43,0.0,0.0,20.97,0.0,41.32
149,6.77,0.0,39.21,0.0,0.0,11.52,0.0,42.5
150,5.22,0.0,28.3,0.0,0.0,20.25,0.0,46.23
151,11.52,0.0,25.91,0.0,0.0,17.25,0.0,45.32
152,2.42,0.0,25.13,0.0,0.0,28.68,0.0,43.77
153,2.87,0.0,23.39,0.0,0.0,29.14,0.0,44.6
154,3.64,0.0,27.52,0.0,0.0,26.91,0.0,41.92
155,20.5,0.0,22.32,0.0,0.0,19.08,0.0,38.1
156,7.81,0.0,32.39,0.0,0.0,18.25,0.0,41.56
157,5.26,0.0,28.61,0.0,0.0,25.72,0.0,40.41
158,5.72,0.0,34.94,0.0,0.0,20.66,0.0,38.68
159,4.73,0.0,33.63,0.0,0.0,25.94,0.0,35.7
160,5.83,0.0,26.59,0.0,0.0,16.84,0.0,50.73
161,6.06,0.0,26.59,0.0,0.0,16.4,0.0,50.94
162,8.19,0.0,27.05,0.0,0.0,17.05,0.0,47.7
163,7.47,0.0,35.01,0.0,0.0,16.51,0.0,41.0
164,13.69,0.0,30.48,0.0,0.0,13.69,0.0,42.14
165,5.65,0.0,31.42,0.0,0.0,21.62,0.0,41.31
166,6.13,0.0,27.98,0.0,0.0,18.46,0.0,47.43
167,19.71,0.0,26.18,0.0,0.0,12.97,0.0,41.14
168,1.09,0.0,32.91,0.0,0.0,25.19,0.0,40.8
169,9.37,0.0,22.17,0.0,0.0,20.29,0.0,48.17
170,10.07,0.0,25.23,0.0,0.0,18.67,0.0,46.03
171,9.28,0.0,28.81,0.0,0.01,22.72,0.0,39.19
172,8.87,0.0,23.44,0.0,0.0,23.07,0.0,44.61
173,6.29,0.0,32.02,0.0,0.0,22.2,0.0,39.49
174,11.51,0.0,28.88,0.0,0.0,17.68,0.0,41.92
175,4.98,0.0,33.52,0.0,0.0,17.17,0.0,44.34
176,7.95,0.0,27.53,0.0,0.0,19.12,0.0,45.41
177,8.31,0.0,24.4,0.0,0.0,23.68,0.0,43.61
178,13.1,0.0,24.11,0.0,0.91,23.02,0.0,38.86
179,12.83,0.0,32.65,0.0,0.0,15.35,0.0,39.17
180,6.91,0.0,34.24,0.0,0.0,21.09,0.0,37.76
181,13.65,0.0,32.81,0.0,0.0,12.37,0.0,41.17
182,14.57,0.0,26.13,0.0,0.0,14.62,0.0,44.69
183,7.99,0.0,34.22,0.0,0.0,22.54,0.0,35.25
184,7.03,0.0,28.94,0.0,0.0,19.61,0.0,44.41
185,7.77,0.0,23.22,0.0,0.0,27.71,0.0,41.3
186,2.71,0.0,31.53,0.0,0.0,21.6,0.0,44.15
187,8.55,0.0,29.83,0.0,0.0,20.0,0.0,41.62
188,8.4,0.0,22.08,0.0,0.0,26.2,0.0,43.33
189,8.22,0.0,27.55,0.0,0.0,26.56,0.0,37.67
190,3.63,0.0,38.14,0.0,0.0,20.2,0.0,38.03
191,4.41,0.0,23.64,0.0,0.0,25.7,0.0,46.24
192,2.55,0.0,28.09,0.0,0.0,28.95,0.0,40.41
193,3.42,0.0,17.71,0.0,0.0,33.21,0.0,45.66
194,10.18,0.0,34.95,0.0,0.0,16.61,0.0,38.26
195,7.33,0.0,29.97,0.0,0.0,18.52,0.0,44.18
196,8.78,0.0,41.72,0.0,0.0,15.03,0.0,34.47
197,5.48,0.0,24.84,0.0,0.0,30.05,0.0,39.64
198,8.27,0.0,30.35,0.0,0.0,24.13,0.0,37.25
199,6.69,0.0,28.71,0.0,0.0,22.08,0.0,42.52
200,22.16,0.0,28.45,0.0,0.0,14.68,0.0,34.71
201,6.16,0.0,31.15,0.0,0.0,20.24,0.0,42.45
202,5.55,0.0,32.77,0.0,0.0,29.86,0.0,31.81
203,4.03,0.0,40.53,0.0,0.0,19.37,0.0,36.08
204,21.53,0.0,21.88,0.0,0.86,26.36,0.0,29.37
205,1.02,0.0,29.44,0.0,0.0,34.64,0.0,34.9
206,7.35,0.0,19.89,0.0,0.0,21.88,0.0,50.88
207,9.26,0.0,28.07,0.0,0.12,22.8,0.0,39.75
208,13.47,0.0,29.09,0.0,1.11,15.67,0.0,40.66
209,2.39,0.0,30.06,0.0,0.0,23.12,0.0,44.43
210,8.41,0.0,38.97,0.0,0.0,13.37,0.0,39.26
211,12.64,0.0,29.59,0.0,0.0,18.64,0.0,39.13
212,4.78,0.0,33.93,0.0,0.0,16.36,0.0,44.93
213,10.46,0.0,26.84,0.0,0.0,19.71,0.0,42.99
214,3.06,0.0,32.21,0.0,0.0,25.37,0.0,39.37
215,8.53,0.0,22.8,0.0,0.0,22.26,0.0,46.41
216,6.83,0.0,26.88,0.0,0.0,17.84,0.0,48.45
217,6.06,0.0,25.29,0.0,0.0,22.63,0.0,46.01
218,6.97,0.0,33.23,0.0,0.0,20.27,0.0,39.54
219,31.26,0.0,19.11,0.0,0.01,21.41,0.0,28.21
220,19.84,0.0,20.63,0.0,2.48,21.74,0.0,35.31
221,12.5,0.0,27.16,0.0,0.0,19.55,0.0,40.79
222,10.24,0.0,32.18,0.0,0.0,18.46,0.0,39.11
223,11.94,0.0,31.5,0.0,0.0,15.84,0.0,40.73
224,11.13,0.0,29.41,0.0,0.0,16.51,0.0,42.95
225,6.68,0.0,36.8,0.0,0.0,20.63,0.0,35.89
226,19.66,0.0,28.48,0.0,0.0,14.73,0.0,37.13
227,9.18,0.0,26.55,0.0,0.0,21.39,0.0,42.89
228,8.28,0.0,29.51,0.0,0.0,25.52,0.0,36.69
229,13.07,0.0,28.32,0.0,0.0,13.8,0.0,44.8
230,4.59,0.0,36.82,0.0,0.0,13.76,0.0,44.82
231,6.69,0.0,27.1,0.0,0.0,23.57,0.0,42.64
232,9.04,0.0,23.89,0.0,0.0,16.05,0.0,51.03
233,11.29,0.0,29.56,0.0,0.0,20.56,0.0,38.6
234,6.28,0.0,30.55,0.0,0.0,21.85,0.0,41.32
235,12.92,0.0,21.92,0.0,0.0,30.19,0.0,34.96
236,7.69,0.0,32.78,0.0,0.0,24.41,0.0,35.12
237,3.37,0.0,28.74,0.0,0.0,16.5,0.0,51.39
238,8.95,0.0,26.36,0.0,0.0,24.24,0.0,40.45
239,7.88,0.0,28.65,0.0,0.0,15.92,0.0,47.55
240,4.65,0.0,30.73,0.0,0.0,28.12,0.0,36.5
241,5.73,0.0,25.39,0.0,0.0,22.71,0.0,46.18
242,8.23,0.0,32.3,0.0,0.0,19.43,0.0,40.04
243,4.33,0.0,33.33,0.0,0.0,18.74,0.0,43.61
244,6.44,0.0,33.96,0.0,0.0,21.02,0.0,38.58
245,10.03,0.0,32.95,0.0,0.0,14.8,0.0,42.22
246,9.41,0.0,32.99,0.0,0.0,16.45,0.0,41.15
247,8.07,0.0,28.87,0.0,0.0,16.66,0.0,46.4
248,10.42,0.0,24.48,0.0,0.0,23.6,0.0,41.51
249,9.48,0.0,33.7,0.0,0.0,16.35,0.0,40.47
250,11.05,0.0,28.44,0.0,0.0,20.67,0.0,39.85
251,4.71,0.0,28.17,0.0,0.0,17.66,0.0,49.46
252,6.41,0.0,26.15,0.0,0.0,28.64,0.0,38.8
253,7.66,0.0,22.72,0.0,0.0,25.97,0.0,43.64
254,7.23,0.0,33.37,0.0,0.0,21.34,0.0,38.06
255,4.93,0.0,28.41,0.0,0.0,23.68,0.0,42.98
256,3.19,0.0,21.13,0.0,0.0,27.15,0.0,48.53
257,3.67,0.0,32.66,0.0,0.0,21.35,0.0,42.32
258,6.91,0.0,34.03,0.0,0.0,21.56,0.0,37.49
259,11.49,0.0,31.93,0.0,0.0,13.3,0.0,43.28
260,2.04,0.0,31.01,0.0,0.0,28.73,0.0,38.21
261,4.32,0.0,26.96,0.0,0.0,25.52,0.0,43.2
262,13.02,0.0,27.41,0.0,0.0,20.47,0.0,39.1
263,8.39,0.0,26.42,0.0,0.0,19.55,0.0,45.63
264,4.57,0.0,24.04,0.0,0.0,24.28,0.0,47.11
265,13.35,0.0,33.23,0.0,0.0,17.88,0.0,35.53
266,9.3,0.0,28.56,0.0,0.0,19.27,0.0,42.88
267,3.25,0.0,23.37,0.0,0.0,27.58,0.0,45.79
268,3.58,0.0,48.29,0.0,0.0,15.12,0.0,33.0
269,5.27,0.0,27.37,0.0,0.0,23.8,0.0,43.56
270,4.32,0.0,36.69,0.0,0.0,22.61,0.0,36.38
271,5.0,0.0,31.15,0.0,0.0,21.79,0.0,42.06
272,3.75,0.0,21.8,0.0,0.0,29.44,0.0,45.01
273,4.01,0.0,29.83,0.0,0.0,21.9,0.0,44.25
274,7.78,0.0,26.96,0.0,0.0,26.5,0.0,38.76
275,5.5,0.0,32.99,0.0,0.0,15.52,0.0,45.99
276,6.38,0.0,22.17,0.0,0.0,29.56,0.0,41.89
277,13.66,0.0,29.95,0.0,0.0,20.38,0.0,36.0
278,6.06,0.0,28.82,0.0,0.0,26.2,0.0,38.92
279,6.48,0.0,36.3,0.0,0.0,24.17,0.0,33.05
280,4.82,0.0,25.02,0.0,0.0,22.82,0.0,47.34
281,13.61,0.0,25.53,0.0,0.17,20.86,0.0,39.84
282,8.38,0.0,30.52,0.0,0.0,19.15,0.0,41.95
283,6.37,0.0,37.24,0.0,0.0,17.57,0.0,38.82
284,7.95,0.0,33.26,0.0,0.0,14.63,0.0,44.16
285,7.54,0.0,35.83,0.0,0.0,19.69,0.0,36.94
286,7.73,0.0,22.44,0.0,0.0,22.86,0.0,46.96
287,11.13,0.0,30.53,0.0,0.0,19.33,0.0,39.01
288,1.67,0.0,37.48,0.0,0.0,23.39,0.0,37.46
289,8.04,0.0,25.23,0.0,0.13,24.79,0.0,41.81
290,15.2,0.0,32.21,0.0,0.0,14.76,0.0,37.83
291,20.7,0.0,24.82,0.0,0.93,20.63,0.0,32.92
292,5.14,0.0,33.98,0.0,0.21,25.16,0.0,35.52
293,6.5,0.0,35.07,0.0,0.0,19.23,0.0,39.21
294,14.0,0.0,29.26,0.0,0.0,15.65,0.0,41.09
295,11.62,0.0,32.05,0.0,0.0,17.24,0.0,39.08
296,6.77,0.0,30.53,0.0,0.0,24.4,0.0,38.3
297,24.0,0.0,22.07,0.0,1.16,20.75,0.0,32.02
298,4.04,0.0,27.0,0.0,0.0,25.6,0.0,43.36
299,7.81,0.0,28.12,0.0,0.0,20.87,0.0,43.2
300,3.62,0.0,29.95,0.0,0.0,27.98,0.0,38.45
301,26.0,0.0,17.08,0.0,3.53,17.85,0.0,35.54
302,8.37,0.0,19.34,0.0,0.0,23.68,0.0,48.62
303,11.48,0.0,30.52,0.0,0.0,16.77,0.0,41.23
304,3.66,0.0,27.13,0.0,0.0,16.39,0.0,52.82
305,4.63,0.0,26.2,0.0,0.0,24.07,0.0,45.09
306,20.74,0.0,32.9,0.0,0.0,12.04,0.0,34.33
307,7.7,0.0,36.62,0.0,0.0,20.48,0.0,35.2
308,8.43,0.0,25.64,0.0,0.0,20.59,0.0,45.35
309,5.48,0.0,40.2,0.0,0.0,17.59,0.0,36.73
310,5.9,0.0,31.7,0.0,0.0,22.51,0.0,39.88
311,18.59,0.0,21.11,0.0,3.42,18.77,0.0,38.1
312,6.08,0.0,35.66,0.0,0.0,21.34,0.0,36.92
313,8.87,0.0,29.73,0.0,0.0,15.52,0.0,45.87
314,6.07,0.0,29.3,0.0,0.0,24.48,0.0,40.15
315,4.79,0.0,20.48,0.0,0.0,24.36,0.0,50.37
316,8.1,0.0,32.89,0.0,0.0,19.55,0.0,39.46
317,2.4,0.0,18.53,0.0,0.0,27.47,0.0,51.61
318,8.6,0.0,23.34,0.0,0.0,23.68,0.0,44.38
319,6.94,0.0,33.9,0.0,0.0,20.22,0.0,38.94
320,6.86,0.0,32.0,0.0,0.0,18.42,0.0,42.72
321,6.29,0.0,21.88,0.0,0.0,32.29,0.0,39.54
322,11.48,0.0,26.37,0.0,0.0,19.11,0.0,43.04
323,23.22,0.0,13.2,0.0,3.06,35.47,0.0,25.06
324,10.59,0.0,31.09,0.0,0.0,18.53,0.0,39.79
325,3.68,0.0,30.23,0.0,0.0,27.07,0.0,39.02
326,6.32,0.0,19.47,0.0,0.03,24.2,0.0,49.98
327,11.59,0.0,35.93,0.0,0.0,12.78,0.0,39.7
328,4.85,0.0,33.5,0.0,0.0,21.4,0.0,40.25
329,5.17,0.0,34.73,0.0,0.0,22.65,0.0,37.45
330,9.37,0.0,36.58,0.0,0.0,19.92,0.0,34.13
331,18.48,0.0,25.35,0.0,0.0,16.97,0.0,39.2
332,5.44,0.0,30.09,0.0,0.0,22.17,0.0,42.3
333,6.61,0.0,32.85,0.0,0.0,20.33,0.0,40.22
334,10.33,0.0,31.29,0.0,0.0,19.67,0.0,38.71
335,9.84,0.0,27.27,0.0,0.0,19.1,0.0,43.79
336,14.52,0.0,28.79,0.0,0.0,18.26,0.0,38.42
337,8.59,0.0,27.63,0.0,0.0,22.21,0.0,41.57
338,4.35,0.0,35.99,0.0,0.0,23.27,0.0,36.39
339,10.24,0.0,31.68,0.0,0.0,15.02,0.0,43.06
340,4.13,0.0,32.19,0.0,0.0,15.14,0.0,48.55
341,5.64,0.0,32.99,0.0,0.0,17.78,0.0,43.59
342,13.14,0.0,27.86,0.0,0.0,15.7,0.0,43.29
343,8.27,0.0,32.75,0.0,0.0,22.31,0.0,36.66
344,8.75,0.0,37.02,0.0,0.0,18.08,0.0,36.15
345,14.02,0.0,28.47,0.0,0.44,17.96,0.0,39.11
346,6.54,0.0,35.8,0.0,0.0,21.47,0.0,36.18
347,7.15,0.0,34.29,0.0,0.0,18.63,0.0,39.93
348,2.03,0.0,27.8,0.0,0.0,27.58,0.0,42.59
349,7.9,0.0,29.91,0.0,0.0,21.86,0.0,40.33
350,3.27,0.0,34.81,0.0,0.0,18.72,0.0,43.2
351,3.93,0.0,33.08,0.0,0.0,23.4,0.0,39.58
352,8.19,0.0,32.94,0.0,0.0,12.22,0.0,46.65
353,3.96,0.0,33.24,0.0,0.0,24.34,0.0,38.45
354,4.44,0.0,29.65,0.0,0.0,22.92,0.0,42.99
355,6.99,0.0,31.44,0.0,0.0,22.67,0.0,38.9
356,3.78,0.0,30.77,0.0,0.0,18.69,0.0,46.77
357,12.93,0.0,37.89,0.0,0.0,11.29,0.0,37.89
358,17.96,0.0,29.3,0.0,0.0,15.5,0.0,37.24
359,2.13,0.0,35.81,0.0,0.0,22.09,0.0,39.96
360,12.25,0.0,30.21,0.0,0.0,15.22,0.0,42.32
361,13.98,0.0,29.1,0.0,0.0,18.04,0.0,38.88
362,9.51,0.0,29.1,0.0,0.0,17.91,0.0,43.47
363,4.47,0.0,35.23,0.0,0.0,19.26,0.0,41.05
364,9.93,0.0,27.3,0.0,0.0,22.59,0.0,40.18
365,5.17,0.0,32.66,0.0,0.0,25.65,0.0,36.52
366,11.36,0.0,30.37,0.0,0.0,14.28,0.0,43.99
367,9.83,0.0,28.04,0.0,0.0,20.95,0.0,41.18
368,7.51,0.0,23.01,0.0,0.0,22.7,0.0,46.78
369,15.34,0.0,34.69,0.0,0.0,11.47,0.0,38.5
370,7.88,0.0,21.88,0.0,0.0,27.16,0.0,43.07
371,8.21,0.0,29.99,0.0,0.0,18.94,0.0,42.85
372,4.0,0.0,29.12,0.0,0.0,22.11,0.0,44.77
373,10.29,0.0,35.51,0.0,0.0,24.25,0.0,29.95
374,3.77,0.0,29.61,0.0,0.0,18.01,0.0,48.61
375,9.37,0.0,19.17,0.0,0.0,22.68,0.0,48.78
376,7.44,0.0,20.09,0.0,0.0,24.93,0.0,47.53
377,4.89,0.0,24.03,0.0,0.0,20.87,0.0,50.21
378,3.68,0.0,28.96,0.0,0.0,24.04,0.0,43.33
379,1.16,0.0,37.88,0.0,0.0,20.52,0.0,40.44
380,3.14,0.0,30.09,0.0,0.0,25.66,0.0,41.11
381,0.4,0.0,33.93,0.0,0.0,22.63,0.0,43.04
382,4.46,0.0,34.48,0.0,0.0,20.53,0.0,40.53
383,14.43,0.0,37.11,0.0,0.0,8.5,0.0,39.96
384,3.99,0.0,40.18,0.0,0.0,16.29,0.0,39.53
385,2.85,0.0,31.53,0.0,0.0,23.58,0.0,42.05
386,11.63,0.0,29.54,0.0,0.0,20.62,0.0,38.21
387,10.06,0.0,27.06,0.0,0.0,21.58,0.0,41.31
388,6.81,0.0,27.77,0.0,0.0,17.35,0.0,48.07
389,7.17,0.0,28.74,0.0,0.0,21.32,0.0,42.76
390,8.79,0.0,26.4,0.0,0.0,18.3,0.0,46.52
391,6.61,0.0,34.12,0.0,0.0,18.26,0.0,41.02
392,4.36,0.0,39.3,0.0,0.0,22.81,0.0,33.53
393,8.21,0.0,29.7,0.0,0.0,21.67,0.0,40.41
394,9.09,0.0,26.76,0.0,0.0,22.31,0.0,41.84
395,7.01,0.0,27.26,0.0,0.0,25.44,0.0,40.28
396,3.46,0.0,34.34,0.0,0.0,23.32,0.0,38.88
397,4.79,0.0,25.02,0.0,0.0,27.73,0.0,42.47
398,12.26,0.0,35.65,0.0,0.0,10.37,0.0,41.72
399,10.4,0.0,27.23,0.0,0.0,19.98,0.0,42.4
400,9.22,0.0,28.49,0.0,0.0,21.77,0.0,40.52
401,7.05,0.0,29.31,0.0,0.0,20.38,0.0,43.26
402,9.72,0.0,25.53,0.0,0.01,20.98,0.0,43.76
403,12.35,0.0,24.1,0.0,0.0,22.19,0.0,41.36
404,10.9,0.0,35.18,0.0,0.33,18.88,0.0,34.71
405,3.09,0.0,28.98,0.0,0.0,15.16,0.0,52.77
406,5.65,0.0,33.32,0.0,0.0,22.44,0.0,38.58
407,6.74,0.0,29.23,0.0,0.0,19.09,0.0,44.94
408,12.22,0.0,29.17,0.0,2.12,20.8,0.0,35.69
409,10.24,0.0,42.59,0.0,0.0,15.3,0.0,31.88
410,2.17,0.0,35.14,0.0,0.0,22.66,0.0,40.04
411,3.4,0.0,37.71,0.0,0.0,18.98,0.0,39.91
412,4.58,0.0,31.98,0.0,0.0,25.68,0.0,37.76
413,12.55,0.0,25.78,0.0,0.0,22.71,0.0,38.96
414,9.61,0.0,24.38,0.0,0.0,22.58,0.0,43.44
415,8.01,0.0,33.58,0.0,0.0,20.2,0.0,38.21
416,15.0,0.0,28.97,0.0,0.0,13.92,0.0,42.11
417,8.66,0.0,27.72,0.0,0.0,14.75,0.0,48.87
418,16.03,0.0,20.42,0.0,0.59,25.36,0.0,37.59
419,21.67,0.0,30.97,0.0,0.0,12.11,0.0,35.25
420,5.27,0.0,28.49,0.0,0.0,20.5,0.0,45.75
421,12.33,0.0,30.56,0.0,0.0,20.62,0.0,36.48
422,9.37,0.0,33.36,0.0,0.0,16.95,0.0,40.33
423,16.97,0.0,27.37,0.0,0.0,15.88,0.0,39.78
424,2.07,0.0,31.17,0.0,0.0,23.6,0.0,43.16
425,2.95,0.0,27.08,0.0,0.0,24.69,0.0,45.28
426,6.62,0.0,26.95,0.0,0.0,30.56,0.0,35.87
427,2.45,0.0,28.48,0.0,0.0,21.24,0.0,47.83
428,8.28,0.0,35.54,0.0,0.0,19.13,0.0,37.05
429,11.47,0.0,31.13,0.0,0.0,15.54,0.0,41.86
430,4.6,0.0,39.17,0.0,0.0,14.52,0.0,41.71
431,11.21,0.0,30.1,0.0,0.0,19.87,0.0,38.82
432,5.4,0.0,26.38,0.0,0.0,25.1,0.0,43.12
433,3.3,0.0,27.57,0.0,0.0,26.16,0.0,42.96
434,5.13,0.0,24.82,0.0,0.0,26.15,0.0,43.89
435,5.5,0.0,32.93,0.0,0.0,18.46,0.0,43.12
436,5.6,0.0,34.9,0.0,0.0,18.83,0.0,40.67
437,1.66,0.0,24.81,0.0,0.0,33.94,0.0,39.58
438,7.12,0.0,32.57,0.0,0.0,18.99,0.0,41.32
439,14.62,0.0,25.32,0.0,0.0,14.57,0.0,45.49
440,6.74,0.0,23.38,0.0,0.0,25.3,0.0,44.58
441,10.93,0.0,23.0,0.0,0.72,25.16,0.0,40.2
442,21.98,0.0,21.3,0.0,1.17,18.61,0.0,36.93
443,16.41,0.0,34.22,0.0,0.11,11.56,0.0,37.69
444,6.19,0.0,34.63,0.0,0.0,20.23,0.0,38.94
445,23.13,0.0,24.03,0.0,0.0,15.96,0.0,36.88
446,9.22,0.0,29.36,0.0,0.08,21.3,0.0,40.03
447,9.95,0.0,29.44,0.0,0.0,20.49,0.0,40.12
448,4.6,0.0,33.92,0.0,0.0,19.86,0.0,41.62
449,5.57,0.0,33.78,0.0,0.0,25.67,0.0,34.99
450,8.41,0.0,22.19,0.0,0.0,19.44,0.0,49.97
451,4.95,0.0,25.9,0.0,0.0,29.82,0.0,39.33
452,5.35,0.0,32.0,0.0,0.0,23.15,0.0,39.51
453,6.04,0.0,26.62,0.0,0.0,24.63,0.0,42.71
454,4.3,0.0,25.67,0.0,0.0,29.55,0.0,40.48
455,12.39,0.0,30.08,0.0,0.0,13.82,0.0,43.71
456,13.13,0.0,36.91,0.0,0.0,14.24,0.0,35.72
457,2.9,0.0,21.6,0.0,0.0,25.48,0.0,50.03
458,3.37,0.0,27.58,0.0,0.0,22.1,0.0,46.96
459,18.45,0.0,21.72,0.0,0.98,21.16,0.0,37.69
460,9.17,0.0,30.95,0.0,0.0,24.42,0.0,35.46
461,8.7,0.0,35.09,0.0,0.0,20.87,0.0,35.34
462,8.26,0.0,31.63,0.0,0.0,19.27,0.0,40.84
463,3.52,0.0,26.29,0.0,0.0,21.38,0.0,48.8
464,13.37,0.0,33.94,0.0,0.0,17.0,0.0,35.69
465,6.12,0.0,23.99,0.0,0.0,25.08,0.0,44.8
466,20.52,0.0,23.29,0.0,0.62,22.47,0.0,33.1
467,6.51,0.0,35.17,0.0,0.0,19.14,0.0,39.18
468,4.2,0.0,27.97,0.0,0.0,30.59,0.0,37.23
469,21.96,0.0,20.28,0.0,3.44,21.04,0.0,33.27
470,6.97,0.0,29.67,0.0,0.0,16.14,0.0,47.22
471,8.66,0.0,29.66,0.0,0.0,26.18,0.0,35.5
472,17.57,0.0,24.37,0.0,0.04,18.55,0.0,39.47
473,13.55,0.0,32.75,0.0,0.0,14.72,0.0,38.99
474,6.42,0.0,28.36,0.0,0.0,22.01,0.0,43.21
475,9.78,0.0,33.59,0.0,0.0,10.0,0.0,46.62
476,15.67,0.0,15.96,0.0,0.18,27.31,0.0,40.88
477,11.73,0.0,32.69,0.0,0.0,15.22,0.0,40.37
478,11.44,0.0,31.67,0.0,0.29,14.13,0.0,42.47
479,8.64,0.0,29.12,0.0,0.0,15.85,0.0,46.39
480,6.5,0.0,20.9,0.0,0.0,25.28,0.0,47.32
481,7.37,0.0,25.28,0.0,0.0,23.93,0.0,43.42
482,7.21,0.0,31.73,0.0,0.0,18.75,0.0,42.31
483,8.01,0.0,30.87,0.0,0.0,22.84,0.0,38.28
484,5.16,0.0,29.16,0.0,0.0,22.46,0.0,43.21
485,2.73,0.0,27.44,0.0,0.0,26.16,0.0,43.67
486,3.09,0.0,33.7,0.0,0.0,23.18,0.0,40.03
487,6.7,0.0,31.7,0.0,0.0,23.73,0.0,37.87
488,8.09,0.0,21.19,0.0,0.76,20.87,0.0,49.09
489,8.45,0.0,31.93,0.0,0.0,15.9,0.0,43.72
490,9.4,0.0,32.59,0.0,0.0,11.78,0.0,46.22
491,4.35,0.0,35.3,0.0,0.0,20.8,0.0,39.55
492,10.0,0.0,23.02,0.0,0.0,18.19,0.0,48.79
493,8.79,0.0,39.38,0.0,0.01,17.58,0.0,34.25
494,16.06,0.0,25.15,0.0,0.0,15.86,0.0,42.93
495,8.78,0.0,27.81,0.0,0.0,21.44,0.0,41.97
496,5.6,0.0,23.89,0.0,0.0,25.2,0.0,45.31
497,9.38,0.0,30.96,0.0,0.0,18.5,0.0,41.17
498,5.05,0.0,43.83,0.0,0.0,15.43,0.0,35.68
499,4.62,0.0,30.37,0.0,0.0,26.08,0.0,38.93
500,5.44,0.0,31.07,0.0,0.0,18.22,0.0,45.27
501,2.72,0.0,29.07,0.0,0.0,24.56,0.0,43.65
502,9.21,0.0,32.95,0.0,0.0,21.4,0.0,36.44
503,14.52,0.0,33.47,0.0,0.1,14.05,0.0,37.86
504,12.54,0.0,23.55,0.0,0.0,19.31,0.0,44.6
505,7.51,0.0,20.75,0.0,0.0,22.41,0.0,49.33
506,8.8,0.0,31.17,0.0,0.0,18.32,0.0,41.71
507,8.57,0.0,38.51,0.0,0.0,19.38,0.0,33.54
508,12.4,0.0,35.93,0.0,0.0,16.57,0.0,35.1
509,9.61,0.0,36.62,0.0,0.0,17.74,0.0,36.03
510,13.72,0.0,28.01,0.0,0.0,13.33,0.0,44.94
511,11.38,0.0,37.09,0.0,0.0,15.94,0.0,35.59
512,0.63,0.0,24.82,0.0,0.0,39.41,0.0,35.14
513,6.86,0.0,23.27,0.0,0.0,26.78,0.0,43.1
514,7.02,0.0,19.21,0.0,0.0,25.44,0.0,48.33
515,13.15,0.0,30.03,0.0,0.0,12.56,0.0,44.25
516,1.17,0.0,25.18,0.0,0.0,36.13,0.0,37.52
517,8.76,0.0,31.8,0.0,0.0,16.89,0.0,42.54
518,7.18,0.0,22.8,0.0,0.02,24.96,0.0,45.04
519,9.23,0.0,35.35,0.0,0.0,15.22,0.0,40.2
520,3.18,0.0,27.84,0.0,0.0,22.44,0.0,46.54
521,6.12,0.0,31.51,0.0,0.0,19.5,0.0,42.87
522,7.51,0.0,19.98,0.0,0.0,26.2,0.0,46.3
523,6.49,0.0,37.5,0.0,0.0,14.09,0.0,41.92
524,11.72,0.0,27.4,0.0,0.0,17.47,0.0,43.41
525,13.09,0.0,23.03,0.0,0.51,22.66,0.0,40.71
526,8.13,0.0,29.65,0.0,0.0,16.21,0.0,46.01
527,10.97,0.0,28.05,0.0,0.0,21.25,0.0,39.74
528,4.25,0.0,36.5,0.0,0.0,15.82,0.0,43.43
529,9.02,0.0,30.84,0.0,0.0,17.47,0.0,42.67
530,12.27,0.0,30.62,0.0,0.0,21.93,0.0,35.18
531,7.49,0.0,33.63,0.0,0.0,18.9,0.0,39.97
532,11.29,0.0,29.16,0.0,0.0,18.39,0.0,41.16
533,2.8,0.0,25.24,0.0,0.0,25.45,0.0,46.5
534,3.89,0.0,21.46,0.0,0.0,25.63,0.0,49.02
535,8.1,0.0,33.0,0.0,0.0,16.8,0.0,42.09
536,20.76,0.0,23.36,0.0,0.0,16.31,0.0,39.57
537,9.64,0.0,25.0,0.0,0.0,16.52,0.0,48.84
538,9.03,0.0,35.59,0.0,0.0,16.77,0.0,38.61
539,9.72,0.0,33.6,0.0,0.0,20.06,0.0,36.63
540,4.7,0.0,33.04,0.0,0.0,23.92,0.0,38.35
541,2.65,0.0,31.54,0.0,0.0,18.85,0.0,46.97
542,4.65,0.0,22.75,0.0,0.0,16.41,0.0,56.2
543,11.8,0.0,33.13,0.0,0.0,15.29,0.0,39.78
544,7.13,0.0,32.43,0.0,0.0,21.85,0.0,38.59
545,14.37,0.0,26.31,0.0,0.0,18.92,0.0,40.4
546,15.87,0.0,24.72,0.0,0.0,16.93,0.0,42.49
547,10.29,0.0,30.89,0.0,0.0,16.8,0.0,42.01
548,4.58,0.0,22.93,0.0,0.0,28.33,0.0,44.17
549,5.25,0.0,29.59,0.0,0.0,27.69,0.0,37.47
550,6.57,0.0,33.05,0.0,0.0,21.6,0.0,38.78
551,6.94,0.0,28.17,0.0,0.0,20.57,0.0,44.31
552,6.75,0.0,25.87,0.0,0.0,26.1,0.0,41.28
553,10.7,0.0,35.11,0.0,0.0,19.95,0.0,34.23
554,9.05,0.0,34.27,0.0,0.0,18.48,0.0,38.2
555,7.71,0.0,35.77,0.0,0.0,17.89,0.0,38.63
556,15.21,0.0,32.35,0.0,0.0,14.86,0.0,37.58
557,2.68,0.0,23.58,0.0,0.0,27.32,0.0,46.41
558,6.17,0.0,28.41,0.0,0.0,14.46,0.0,50.97
559,3.01,0.0,31.14,0.0,0.0,27.7,0.0,38.16
560,5.77,0.0,30.61,0.0,0.0,21.96,0.0,41.67
561,2.93,0.0,24.75,0.0,0.0,28.23,0.0,44.09
562,3.73,0.0,30.11,0.0,0.0,19.18,0.0,46.97
563,4.04,0.0,36.36,0.0,0.0,22.0,0.0,37.59
564,10.56,0.0,30.4,0.0,0.0,14.16,0.0,44.88
565,6.92,0.0,35.0,0.0,0.0,22.57,0.0,35.51
566,5.5,0.0,35.55,0.0,0.0,17.3,0.0,41.65
567,11.83,0.0,29.29,0.0,0.0,17.81,0.0,41.08
568,6.27,0.0,24.92,0.0,0.0,22.66,0.0,46.14
569,15.86,0.0,21.99,0.0,0.0,28.83,0.0,33.32
570,7.74,0.0,33.58,0.0,0.0,15.89,0.0,42.8
571,7.76,0.0,30.17,0.0,0.17,22.89,0.0,39.01
572,10.2,0.0,37.4,0.0,0.0,16.98,0.0,35.42
573,9.76,0.0,24.11,0.0,0.0,24.52,0.0,41.61
574,8.85,0.0,39.11,0.0,0.0,17.64,0.0,34.4
575,5.97,0.0,30.58,0.0,0.0,19.35,0.0,44.1
576,9.12,0.0,26.38,0.0,0.0,23.36,0.0,41.15
577,13.62,0.0,28.42,0.0,0.0,17.64,0.0,40.33
578,2.69,0.0,35.58,0.0,0.0,16.27,0.0,45.46
579,6.33,0.0,35.1,0.0,0.0,14.86,0.0,43.7
580,13.46,0.0,28.51,0.0,0.0,17.36,0.0,40.68
581,21.69,0.0,28.31,0.0,0.38,11.65,0.0,37.98
582,4.17,0.0,38.29,0.0,0.0,18.92,0.0,38.62
583,3.76,0.0,28.2,0.0,0.0,18.57,0.0,49.46
584,6.2,0.0,27.94,0.0,0.0,23.43,0.0,42.43
585,8.98,0.0,31.41,0.0,0.0,19.57,0.0,40.05
586,14.48,0.0,28.16,0.0,0.0,20.36,0.0,37.0
587,7.89,0.0,30.6,0.0,0.0,20.75,0.0,40.76
588,2.64,0.0,34.34,0.0,0.0,21.36,0.0,41.66
589,16.79,0.0,25.37,0.0,0.77,16.01,0.0,41.06
590,8.44,0.0,33.62,0.0,0.0,16.33,0.0,41.61
591,10.44,0.0,36.32,0.0,0.0,16.36,0.0,36.88
592,7.52,0.0,30.3,0.0,0.0,22.62,0.0,39.56
593,19.96,0.0,21.42,0.0,0.67,19.76,0.0,38.19
594,17.42,0.0,23.95,0.0,0.59,18.43,0.0,39.61
595,8.97,0.0,38.76,0.0,0.0,18.58,0.0,33.69
596,10.73,0.0,34.14,0.0,0.0,14.65,0.0,40.48
597,5.63,0.0,33.92,0.0,0.0,21.89,0.0,38.57
598,4.29,0.0,30.8,0.0,0.0,21.17,0.0,43.74
599,11.11,0.0,30.69,0.0,0.0,16.9,0.0,41.3
600,12.82,0.0,28.13,0.0,0.0,19.41,0.0,39.64
601,6.07,0.0,28.08,0.0,0.0,27.71,0.0,38.14
602,4.6,0.0,20.64,0.0,0.0,17.89,0.0,56.87
603,6.29,0.0,31.7,0.0,0.0,20.85,0.0,41.15
604,6.23,0.0,33.43,0.0,0.0,17.86,0.0,42.48
605,6.1,0.0,28.25,0.0,0.0,25.46,0.0,40.18
606,6.67,0.0,37.26,0.0,0.0,17.82,0.0,38.26
607,2.98,0.0,32.73,0.0,0.0,18.24,0.0,46.05
608,6.12,0.0,26.67,0.0,0.0,29.38,0.0,37.83
609,9.2,0.0,39.31,0.0,0.0,14.05,0.0,37.44
610,7.97,0.0,27.79,0.0,0.0,22.41,0.0,41.82
611,11.4,0.0,38.74,0.0,0.0,10.24,0.0,39.61
612,10.75,0.0,36.85,0.0,0.0,17.47,0.0,34.93
613,5.26,0.0,23.04,0.0,0.0,31.55,0.0,40.15
614,2.7,0.0,30.96,0.0,0.0,21.1,0.0,45.24
615,6.89,0.0,24.67,0.0,0.0,19.8,0.0,48.64
616,9.45,0.0,38.1,0.0,0.0,13.63,0.0,38.83
617,24.21,0.0,33.09,0.0,0.0,10.67,0.0,32.03
618,8.08,0.0,27.09,0.0,0.0,23.07,0.0,41.76
619,7.66,0.0,28.91,0.0,0.0,21.71,0.0,41.72
620,7.73,0.0,37.06,0.0,0.0,20.99,0.0,34.22
621,6.73,0.0,28.84,0.0,0.0,16.71,0.0,47.72
622,3.96,0.0,39.58,0.0,0.0,18.78,0.0,37.68
623,15.45,0.0,29.89,0.0,0.31,12.97,0.0,41.39
624,14.47,0.0,29.88,0.0,0.0,18.83,0.0,36.82
625,7.04,0.0,31.7,0.0,0.0,20.62,0.0,40.63
626,12.42,0.0,28.93,0.0,0.0,15.34,0.0,43.31
627,3.77,0.0,22.31,0.0,0.0,26.03,0.0,47.89
628,6.81,0.0,38.27,0.0,0.0,19.66,0.0,35.26
629,6.54,0.0,33.3,0.0,0.0,17.97,0.0,42.2
630,7.17,0.0,26.4,0.0,0.0,26.49,0.0,39.94
631,5.75,0.0,35.91,0.0,0.0,17.37,0.0,40.97
632,19.1,0.0,29.5,0.0,0.0,16.26,0.0,35.14
633,8.35,0.0,29.6,0.0,0.0,19.86,0.0,42.19
634,3.18,0.0,39.06,0.0,0.0,17.28,0.0,40.48
635,5.69,0.0,36.45,0.0,0.0,21.27,0.0,36.59
636,6.43,0.0,27.16,0.0,0.0,22.84,0.0,43.57
637,7.94,0.0,29.06,0.0,0.0,19.89,0.0,43.1
638,4.75,0.0,37.89,0.0,0.0,18.87,0.0,38.49
639,5.03,0.0,19.07,0.0,0.0,24.78,0.0,51.12
640,4.41,0.0,30.94,0.0,0.0,20.77,0.0,43.88
641,6.64,0.0,35.24,0.0,0.0,12.51,0.0,45.6
642,9.23,0.0,23.45,0.0,0.0,25.36,0.0,41.95
643,8.64,0.0,31.3,0.0,0.0,22.35,0.0,37.71
644,5.83,0.0,24.77,0.0,0.0,18.87,0.0,50.53
645,13.56,0.0,24.31,0.0,0.0,18.68,0.0,43.46
646,10.11,0.0,27.53,0.0,0.0,26.92,0.0,35.43
647,21.89,0.0,30.85,0.0,1.0,14.29,0.0,31.97
648,4.74,0.0,32.32,0.0,0.0,20.25,0.0,42.7
649,7.18,0.0,26.82,0.0,0.0,19.65,0.0,46.35
650,5.3,0.0,37.51,0.0,0.0,17.48,0.0,39.71
651,12.98,0.0,30.86,0.0,0.0,20.37,0.0,35.78
652,6.17,0.0,34.02,0.0,0.0,20.17,0.0,39.63
653,4.7,0.0,35.02,0.0,0.0,19.67,0.0,40.62
654,2.23,0.0,20.65,0.0,0.0,30.04,0.0,47.08
655,5.19,0.0,27.38,0.0,0.0,26.27,0.0,41.16
656,2.85,0.0,32.94,0.0,0.0,20.43,0.0,43.78
657,7.87,0.0,25.47,0.0,0.0,31.61,0.0,35.04
658,5.92,0.0,23.81,0.0,0.0,32.29,0.0,37.99
659,14.59,0.0,29.99,0.0,0.0,18.18,0.0,37.24
660,6.35,0.0,34.96,0.0,0.0,23.31,0.0,35.38
661,6.09,0.0,32.33,0.0,0.0,16.97,0.0,44.61
662,7.09,0.0,34.3,0.0,0.0,19.42,0.0,39.18
663,5.77,0.0,33.39,0.0,0.0,14.49,0.0,46.35
664,18.3,0.0,28.68,0.0,2.64,19.95,0.0,30.44
665,10.75,0.0,29.52,0.0,0.0,16.36,0.0,43.36
666,7.26,0.0,40.65,0.0,0.0,20.88,0.0,31.22
667,12.19,0.0,28.81,0.0,0.0,22.3,0.0,36.7
668,14.01,0.0,29.16,0.0,0.0,22.2,0.0,34.63
669,16.49,0.0,28.59,0.0,0.0,14.64,0.0,40.28
670,11.88,0.0,20.22,0.0,0.0,18.22,0.0,49.68
671,5.76,0.0,24.51,0.0,0.0,21.86,0.0,47.88
672,11.32,0.0,23.24,0.0,0.0,26.03,0.0,39.41
673,13.08,0.0,32.39,0.0,0.0,18.8,0.0,35.73
674,16.27,0.0,32.13,0.0,0.0,13.1,0.0,38.5
675,4.42,0.0,24.47,0.0,0.0,22.57,0.0,48.54
676,13.4,0.0,35.22,0.0,0.0,12.79,0.0,38.59
677,12.17,0.0,28.79,0.0,0.0,21.6,0.0,37.44
678,5.24,0.0,30.7,0.0,0.01,21.44,0.0,42.61
679,2.79,0.0,36.31,0.0,0.0,33.01,0.0,27.9
680,4.07,0.0,43.01,0.0,0.0,17.1,0.0,35.83
681,6.94,0.0,27.2,0.0,0.0,18.52,0.0,47.34
682,13.47,0.0,28.8,0.0,0.0,17.19,0.0,40.54
683,4.97,0.0,34.53,0.0,0.0,22.44,0.0,38.06
684,3.88,0.0,28.16,0.0,0.0,26.32,0.0,41.64
685,8.8,0.0,31.97,0.0,0.0,20.8,0.0,38.43
686,6.95,0.0,33.22,0.0,0.0,19.19,0.0,40.64
687,14.12,0.0,32.37,0.0,0.0,12.43,0.0,41.08
688,5.35,0.0,36.69,0.0,0.0,16.82,0.0,41.14
689,14.23,0.0,30.73,0.0,0.0,12.34,0.0,42.7
690,6.98,0.0,35.89,0.0,0.0,17.35,0.0,39.78
691,4.98,0.0,38.1,0.0,0.0,15.23,0.0,41.7
692,4.13,0.0,27.12,0.0,0.0,21.44,0.0,47.31
693,12.12,0.0,23.42,0.0,0.62,19.22,0.0,44.62
694,10.98,0.0,27.31,0.0,0.0,21.81,0.0,39.9
695,7.37,0.0,33.74,0.0,0.0,20.42,0.0,38.47
696,7.64,0.0,31.01,0.0,0.0,14.65,0.0,46.7
697,11.97,0.0,36.97,0.0,0.0,19.46,0.0,31.6
698,4.97,0.0,28.53,0.0,0.0,19.17,0.0,47.33
699,10.46,0.0,37.23,0.0,0.0,15.26,0.0,37.05
700,7.1,0.0,35.71,0.0,0.0,16.07,0.0,41.11
701,7.65,0.0,31.68,0.0,0.0,14.04,0.0,46.64
702,3.99,0.0,26.76,0.0,0.0,30.2,0.0,39.06
703,20.71,0.0,22.29,0.0,0.94,20.1,0.0,35.96
704,11.83,0.0,39.19,0.0,0.0,18.48,0.0,30.5
705,5.44,0.0,30.43,0.0,0.0,20.62,0.0,43.51
706,16.17,0.0,22.45,0.0,0.0,20.97,0.0,40.41
707,6.02,0.0,29.95,0.0,0.0,21.74,0.0,42.3
708,8.86,0.0,30.16,0.0,0.0,23.3,0.0,37.69
709,19.82,0.0,28.07,0.0,0.0,16.57,0.0,35.55
710,8.4,0.0,26.09,0.0,0.0,20.69,0.0,44.81
711,13.67,0.0,28.8,0.0,0.0,16.96,0.0,40.57
712,9.03,0.0,27.01,0.0,0.0,16.27,0.0,47.7
713,10.53,0.0,32.88,0.0,0.0,14.98,0.0,41.62
714,10.58,0.0,35.87,0.0,0.0,14.9,0.0,38.65
715,9.14,0.0,24.04,0.0,0.0,23.72,0.0,43.11
716,6.33,0.0,29.29,0.0,0.49,28.83,0.0,35.06
717,12.72,0.0,27.31,0.0,0.0,15.91,0.0,44.06
718,6.39,0.0,22.88,0.0,0.0,31.32,0.0,39.41
719,15.28,0.0,23.35,0.0,1.09,25.47,0.0,34.82
720,2.44,0.0,29.19,0.0,0.0,25.51,0.0,42.87
721,12.37,0.0,25.91,0.0,0.0,21.67,0.0,40.05
722,5.26,0.0,33.18,0.0,0.0,16.87,0.0,44.68
723,6.55,0.0,40.21,0.0,0.0,20.19,0.0,33.06
724,10.43,0.0,24.85,0.0,0.0,16.86,0.0,47.86
725,6.97,0.0,28.46,0.0,0.0,23.46,0.0,41.11
726,7.15,0.0,26.45,0.0,0.0,25.65,0.0,40.75
727,4.03,0.0,34.13,0.0,0.18,19.26,0.0,42.39
728,2.45,0.0,33.56,0.0,0.0,25.23,0.0,38.77
729,18.3,0.0,31.47,0.0,0.08,11.1,0.0,39.06
730,3.95,0.0,30.31,0.0,0.0,26.01,0.0,39.73
731,7.89,0.0,23.22,0.0,0.0,24.15,0.0,44.74
732,4.18,0.0,38.21,0.0,0.0,19.26,0.0,38.35
733,6.38,0.0,21.72,0.0,0.0,24.84,0.0,47.05
734,9.75,0.0,24.54,0.0,0.0,24.68,0.0,41.02
735,6.05,0.0,37.32,0.0,0.0,21.44,0.0,35.19
736,11.81,0.0,30.76,0.0,0.0,16.7,0.0,40.73
737,24.72,0.0,19.19,0.0,2.42,21.44,0.0,32.23
738,10.23,0.0,22.87,0.0,0.0,20.98,0.0,45.92
739,9.78,0.0,37.48,0.0,0.0,16.86,0.0,35.88
740,9.65,0.0,36.17,0.0,0.0,17.85,0.0,36.33
741,2.63,0.0,28.97,0.0,0.0,28.83,0.0,39.57
742,8.46,0.0,29.72,0.0,0.0,18.12,0.0,43.7
743,6.62,0.0,22.4,0.0,0.0,13.95,0.0,57.03
744,8.24,0.0,32.01,0.0,0.0,15.73,0.0,44.02
745,2.43,0.0,21.16,0.0,0.0,25.22,0.0,51.19
746,3.98,0.0,34.03,0.0,0.0,21.27,0.0,40.73
747,7.04,0.0,25.46,0.0,0.0,19.67,0.0,47.82
748,11.72,0.0,30.59,0.0,0.0,18.47,0.0,39.22
749,8.24,0.0,26.08,0.0,0.0,18.8,0.0,46.88
750,6.6,0.0,19.42,0.0,0.0,27.9,0.0,46.08
751,2.58,0.0,20.56,0.0,0.0,34.41,0.0,42.45
752,8.96,0.0,24.58,0.0,0.0,19.13,0.0,47.33
753,6.55,0.0,29.04,0.0,0.0,15.12,0.0,49.3
754,13.01,0.0,28.46,0.0,0.0,20.55,0.0,37.99
755,5.46,0.0,29.18,0.0,0.0,16.47,0.0,48.89
756,10.41,0.0,36.22,0.0,0.0,18.55,0.0,34.81
757,5.85,0.0,36.63,0.0,0.0,19.15,0.0,38.37
758,7.08,0.0,32.43,0.0,0.0,20.45,0.0,40.03
759,16.98,0.0,22.52,0.0,2.35,18.04,0.0,40.11
760,8.04,0.0,22.42,0.0,0.0,19.65,0.0,49.89
761,11.13,0.0,31.8,0.0,0.0,21.43,0.0,35.64
762,5.97,0.0,31.83,0.0,0.0,19.54,0.0,42.65
763,11.2,0.0,38.86,0.0,0.0,14.82,0.0,35.11
764,4.6,0.0,28.67,0.0,0.0,22.35,0.0,44.38
765,6.17,0.0,37.93,0.0,0.0,20.63,0.0,35.27
766,10.12,0.0,27.81,0.0,0.0,19.53,0.0,42.55
767,4.61,0.0,36.98,0.0,0.0,20.68,0.0,37.72
768,7.71,0.0,31.95,0.0,0.0,20.89,0.0,39.46
769,8.7,0.0,24.34,0.0,0.0,16.92,0.0,50.04
770,6.97,0.0,38.65,0.0,0.0,16.18,0.0,38.21
771,7.83,0.0,31.02,0.0,0.0,24.46,0.0,36.69
772,14.12,0.0,36.65,0.0,0.0,13.31,0.0,35.93
773,6.04,0.0,29.44,0.0,0.0,22.2,0.0,42.32
774,14.14,0.0,32.18,0.0,0.0,13.58,0.0,40.1
775,6.08,0.0,29.54,0.0,0.0,19.24,0.0,45.14
776,11.06,0.0,28.53,0.0,0.0,18.36,0.0,42.04
777,8.39,0.0,32.84,0.0,0.0,19.64,0.0,39.13
778,12.67,0.0,28.41,0.0,0.0,13.92,0.0,45.0
779,16.36,0.0,32.19,0.0,0.0,11.78,0.0,39.67
780,9.58,0.0,29.79,0.0,0.0,18.39,0.0,42.24
781,12.04,0.0,31.51,0.0,0.0,19.08,0.0,37.37
782,3.33,0.0,29.0,0.0,0.0,24.01,0.0,43.67
783,2.23,0.0,24.82,0.0,0.0,28.37,0.0,44.58
784,5.26,0.0,37.14,0.0,0.0,22.29,0.0,35.3
785,9.96,0.0,32.05,0.0,0.0,17.67,0.0,40.31
786,5.96,0.0,30.26,0.0,0.0,16.91,0.0,46.87
787,12.32,0.0,28.58,0.0,0.99,19.02,0.0,39.09
788,9.59,0.0,24.29,0.0,0.0,21.41,0.0,44.71
789,13.84,0.0,29.77,0.0,0.24,15.26,0.0,40.88
790,2.69,0.0,38.74,0.0,0.0,20.14,0.0,38.43
791,14.83,0.0,16.85,0.0,2.17,25.76,0.0,40.39
792,4.85,0.0,35.69,0.0,0.0,20.86,0.0,38.59
793,10.21,0.0,32.0,0.0,0.0,17.55,0.0,40.24
794,5.3,0.0,28.5,0.0,0.0,23.43,0.0,42.77
795,4.06,0.0,27.41,0.0,0.0,23.75,0.0,44.78
796,8.0,0.0,26.97,0.0,0.0,25.73,0.0,39.3
797,7.51,0.0,26.66,0.0,0.0,9.48,0.0,56.34
798,13.13,0.0,36.19,0.0,0.0,16.06,0.0,34.62
799,17.06,0.0,29.29,0.0,0.0,19.75,0.0,33.9
800,4.7,0.0,34.52,0.0,0.0,24.33,0.0,36.45
801,6.12,0.0,23.79,0.0,0.0,27.68,0.0,42.41
802,11.12,0.0,24.75,0.0,0.0,19.89,0.0,44.25
803,8.05,0.0,26.82,0.0,0.0,26.19,0.0,38.94
804,5.83,0.0,30.55,0.0,0.0,16.02,0.0,47.6
805,14.28,0.0,25.65,0.0,0.0,17.61,0.0,42.47
806,3.46,0.0,33.87,0.0,0.0,21.87,0.0,40.8
807,3.89,0.0,33.75,0.0,0.0,24.28,0.0,38.08
808,5.79,0.0,28.3,0.0,0.0,24.14,0.0,41.77
809,7.85,0.0,34.45,0.0,0.0,16.97,0.0,40.73
810,1.13,0.0,19.91,0.0,0.0,28.97,0.0,50.0
811,19.92,0.0,25.98,0.0,0.54,19.59,0.0,33.97
812,7.62,0.0,28.39,0.0,1.0,19.47,0.0,43.52
813,7.93,0.0,34.84,0.0,0.0,16.39,0.0,40.83
814,7.93,0.0,25.9,0.0,0.0,21.98,0.0,44.19
815,3.96,0.0,33.11,0.0,0.0,20.35,0.0,42.59
816,8.8,0.0,27.23,0.0,0.0,18.76,0.0,45.21
817,15.74,0.0,30.35,0.0,0.0,16.81,0.0,37.1
818,9.08,0.0,33.49,0.0,0.0,19.46,0.0,37.98
819,11.97,0.0,23.88,0.0,0.0,23.48,0.0,40.67
820,6.78,0.0,32.79,0.0,0.0,21.25,0.0,39.18
821,8.08,0.0,33.36,0.0,0.0,19.76,0.0,38.8
822,3.95,0.0,35.05,0.0,0.0,18.86,0.0,42.14
823,13.32,0.0,30.87,0.0,0.0,17.14,0.0,38.67
824,5.36,0.0,29.39,0.0,0.0,18.95,0.0,46.29
825,12.84,0.0,26.03,0.0,0.0,20.17,0.0,40.95
826,3.87,0.0,28.55,0.0,0.0,25.22,0.0,42.36
827,10.62,0.0,35.51,0.0,0.0,14.21,0.0,39.66
828,3.7,0.0,35.05,0.0,0.0,20.69,0.0,40.55
829,6.68,0.0,34.44,0.0,0.0,19.19,0.0,39.69
830,16.39,0.0,24.54,0.0,0.18,20.02,0.0,38.87
831,15.52,0.0,26.04,0.0,0.0,15.78,0.0,42.66
832,7.76,0.0,29.76,0.0,0.37,21.0,0.0,41.1
833,6.44,0.0,30.56,0.0,0.0,20.33,0.0,42.67
834,8.54,0.0,27.69,0.0,0.0,26.47,0.0,37.3
835,9.67,0.0,30.68,0.0,0.0,20.58,0.0,39.07
836,6.25,0.0,31.97,0.0,0.0,21.72,0.0,40.06
837,3.73,0.0,23.7,0.0,0.0,19.3,0.0,53.26
838,8.4,0.0,30.74,0.0,0.0,20.77,0.0,40.09
839,8.86,0.0,26.85,0.0,0.0,14.89,0.0,49.4
840,4.85,0.0,34.91,0.0,0.0,17.94,0.0,42.3
841,5.83,0.0,30.71,0.0,0.0,22.1,0.0,41.36
842,3.81,0.0,34.38,0.0,0.0,21.55,0.0,40.26
843,9.1,0.0,21.75,0.0,0.17,25.95,0.0,43.04
844,8.36,0.0,45.6,0.0,0.0,16.35,0.0,29.69
845,9.0,0.0,37.28,0.0,0.0,16.13,0.0,37.59
846,16.06,0.0,29.22,0.0,0.0,16.45,0.0,38.28
847,2.57,0.0,29.33,0.0,0.0,28.98,0.0,39.13
848,8.07,0.0,32.69,0.0,0.0,14.73,0.0,44.51
849,11.74,0.0,24.63,0.0,0.0,21.76,0.0,41.87
850,7.09,0.0,31.23,0.0,0.0,20.5,0.0,41.18
851,4.37,0.0,40.85,0.0,0.0,20.63,0.0,34.15
852,1.82,0.0,28.63,0.0,0.0,27.43,0.0,42.12
853,14.97,0.0,27.08,0.0,0.0,13.39,0.0,44.56
854,6.07,0.0,29.2,0.0,0.0,24.44,0.0,40.29
855,4.72,0.0,35.63,0.0,0.0,17.83,0.0,41.82
856,17.75,0.0,24.42,0.0,0.43,25.62,0.0,31.79
857,4.9,0.0,28.37,0.0,0.0,19.65,0.0,47.08
858,5.89,0.0,32.71,0.0,0.0,17.63,0.0,43.76
859,11.4,0.0,27.12,0.0,0.21,20.2,0.0,41.07
860,10.05,0.0,33.63,0.0,0.0,15.37,0.0,40.94
861,3.28,0.0,33.69,0.0,0.0,22.94,0.0,40.08
862,5.5,0.0,26.99,0.0,0.0,22.92,0.0,44.58
863,16.79,0.0,28.03,0.0,1.12,19.36,0.0,34.7
864,5.64,0.0,30.21,0.0,0.0,20.86,0.0,43.29
865,4.68,0.0,25.35,0.0,0.0,27.46,0.0,42.52
866,6.01,0.0,29.14,0.0,0.0,20.64,0.0,44.21
867,5.55,0.0,26.62,0.0,0.0,23.96,0.0,43.86
868,10.87,0.0,36.76,0.0,0.0,11.44,0.0,40.93
869,10.44,0.0,29.97,0.0,0.0,21.64,0.0,37.95
870,4.26,0.0,27.85,0.0,0.0,24.93,0.0,42.96
871,8.16,0.0,28.95,0.0,0.0,15.88,0.0,47.0
872,3.24,0.0,27.9,0.0,0.0,25.51,0.0,43.35
873,7.17,0.0,28.71,0.0,0.0,22.65,0.0,41.48
874,3.72,0.0,31.45,0.0,0.0,24.53,0.0,40.31
875,12.72,0.0,24.18,0.0,0.0,27.22,0.0,35.88
876,6.9,0.0,32.46,0.0,0.0,19.21,0.0,41.44
877,16.14,0.0,26.17,0.0,0.0,21.77,0.0,35.91
878,6.37,0.0,27.95,0.0,0.0,17.24,0.0,48.45
879,8.67,0.0,29.19,0.0,0.0,22.72,0.0,39.42
880,9.25,0.0,24.68,0.0,0.0,21.6,0.0,44.46
881,10.81,0.0,26.66,0.0,0.0,23.87,0.0,38.66
882,5.69,0.0,36.51,0.0,0.0,20.7,0.0,37.1
883,7.17,0.0,28.44,0.0,0.0,20.61,0.0,43.78
884,13.14,0.0,27.96,0.0,0.0,19.48,0.0,39.42
885,5.51,0.0,33.38,0.0,0.0,15.78,0.0,45.33
886,5.48,0.0,40.93,0.0,0.0,20.44,0.0,33.16
887,3.69,0.0,28.83,0.0,0.0,22.61,0.0,44.87
888,4.38,0.0,26.8,0.0,0.0,22.19,0.0,46.63
889,6.21,0.0,37.53,0.0,0.0,16.41,0.0,39.84
890,17.93,0.0,28.54,0.0,1.02,19.1,0.0,33.42
891,4.68,0.0,28.94,0.0,0.0,18.37,0.0,48.01
892,5.19,0.0,26.43,0.0,0.0,28.36,0.0,40.01
893,5.47,0.0,36.98,0.0,0.0,20.57,0.0,36.98
894,7.21,0.0,26.3,0.0,0.0,22.78,0.0,43.71
895,12.5,0.0,27.16,0.0,0.0,17.77,0.0,42.57
896,7.92,0.0,36.13,0.0,0.0,15.56,0.0,40.39
897,6.94,0.0,42.17,0.0,0.0,14.05,0.0,36.84
898,8.61,0.0,29.72,0.0,0.0,17.78,0.0,43.89
899,10.64,0.0,31.95,0.0,0.0,19.43,0.0,37.98
900,14.24,0.0,32.31,0.0,0.0,14.17,0.0,39.28
901,3.57,0.0,30.93,0.0,0.0,23.85,0.0,41.65
902,3.01,0.0,28.88,0.0,0.0,24.15,0.0,43.96
903,3.4,0.0,28.66,0.0,0.0,21.27,0.0,46.67
904,7.88,0.0,34.32,0.0,0.0,18.65,0.0,39.15
905,19.43,0.0,22.48,0.0,2.91,20.83,0.0,34.35
906,14.92,0.0,31.42,0.0,0.0,18.96,0.0,34.71
907,10.94,0.0,24.79,0.0,0.0,24.06,0.0,40.21
908,5.66,0.0,34.91,0.0,0.0,20.43,0.0,39.01
909,13.34,0.0,29.75,0.0,0.0,22.93,0.0,33.98
910,8.67,0.0,29.46,0.0,0.0,25.69,0.0,36.19
911,9.42,0.0,27.42,0.0,0.0,19.98,0.0,43.18
912,7.15,0.0,28.71,0.0,0.0,17.75,0.0,46.38
913,9.93,0.0,24.18,0.0,0.0,21.43,0.0,44.46
914,14.04,0.0,30.21,0.0,0.0,19.34,0.0,36.41
915,4.46,0.0,30.47,0.0,0.0,23.53,0.0,41.54
916,9.18,0.0,39.31,0.0,0.0,11.95,0.0,39.56
917,13.1,0.0,31.79,0.0,0.0,13.93,0.0,41.18
918,17.14,0.0,28.36,0.0,0.0,16.71,0.0,37.79
919,12.14,0.0,32.31,0.0,0.0,18.26,0.0,37.29
920,6.78,0.0,23.1,0.0,0.0,26.88,0.0,43.24
921,22.56,0.0,31.14,0.0,0.0,10.08,0.0,36.22
922,7.39,0.0,33.23,0.0,0.0,16.71,0.0,42.67
923,9.22,0.0,29.62,0.0,0.0,20.56,0.0,40.6
924,15.25,0.0,25.53,0.0,0.0,17.9,0.0,41.32
925,10.42,0.0,36.52,0.0,0.0,16.6,0.0,36.46
926,7.74,0.0,26.52,0.0,0.0,18.03,0.0,47.71
927,7.61,0.0,32.93,0.0,0.24,16.78,0.0,42.45
928,6.22,0.0,31.63,0.0,0.0,21.42,0.0,40.72
