,gray,violet,blue,green,yellow,orange,red,brown
,0.0 - 31.88,31.88 - 63.76,63.76 - 95.64,95.64 - 127.52,127.52 - 159.4,159.4 - 191.28,191.28 - 223.16,223.16 - 255.04
0,36.76,0.49,0.0,0.0,5.41,7.71,0.0,49.63
1,36.42,4.0,0.0,0.0,4.35,8.25,0.0,46.98
2,35.78,0.48,0.0,0.0,5.85,6.52,0.0,51.38
3,40.06,1.73,0.0,0.0,6.33,6.47,0.0,45.41
4,37.32,0.49,0.0,0.0,6.3,8.47,0.0,47.42
5,40.39,0.36,0.0,0.0,8.14,5.58,0.0,45.54
6,35.81,1.28,0.0,0.0,5.01,7.91,0.0,49.99
7,39.1,0.97,0.0,0.0,7.21,5.3,0.0,47.42
8,39.3,4.92,0.0,0.0,3.77,8.21,0.0,43.8
9,36.88,1.46,0.0,0.0,4.22,8.82,0.0,48.62
10,40.51,0.45,0.0,0.0,7.38,4.65,0.0,47.02
11,38.36,1.29,0.0,0.0,5.47,6.77,0.0,48.11
12,38.01,2.26,0.0,0.0,6.06,5.91,0.0,47.76
13,39.96,3.31,0.0,0.0,6.88,5.58,0.0,44.28
14,36.45,4.14,0.0,0.0,5.58,8.33,0.0,45.5
15,38.71,1.77,0.0,0.0,4.51,7.35,0.0,47.66
16,37.75,0.73,0.0,0.0,7.95,4.8,0.0,48.76
17,37.03,0.25,0.0,0.0,7.08,6.85,0.0,48.79
18,34.38,2.66,0.0,0.0,4.56,8.01,0.0,50.39
19,38.25,0.34,0.0,0.0,12.17,2.82,0.0,46.43
20,39.11,0.38,0.0,0.0,7.09,7.42,0.0,46.01
21,40.03,0.72,0.0,0.0,7.39,4.47,0.0,47.41
22,39.1,1.22,0.0,0.0,5.41,7.37,0.0,46.91
23,39.32,1.32,0.0,0.0,6.91,6.98,0.0,45.48
24,37.89,3.14,0.0,0.0,6.04,6.85,0.0,46.08
25,34.66,1.61,0.0,0.0,3.73,8.82,0.0,51.17
26,39.45,1.03,0.0,0.0,6.31,6.88,0.0,46.33
27,33.93,6.79,0.0,0.0,2.18,11.01,0.0,46.09
28,37.75,2.46,0.0,0.0,4.88,7.12,0.0,47.8
29,39.01,0.45,0.0,0.0,6.38,7.55,0.0,46.6
30,36.55,1.88,0.0,0.0,3.66,8.0,0.0,49.91
31,39.69,1.02,0.0,0.0,5.49,7.73,0.0,46.07
32,38.25,0.58,0.0,0.0,4.58,7.72,0.0,48.87
33,36.55,0.75,0.0,0.0,5.42,6.71,0.0,50.56
34,38.6,2.84,0.0,0.0,3.84,8.14,0.0,46.57
35,39.16,2.08,0.0,0.0,7.72,6.1,0.0,44.95
36,38.03,1.19,0.0,0.0,6.95,6.24,0.0,47.6
37,35.08,0.4,0.0,0.0,5.21,5.99,0.0,53.31
38,39.82,0.33,0.0,0.0,7.17,5.78,0.0,46.89
39,37.47,2.62,0.0,0.0,8.1,5.77,0.0,46.04
40,38.91,2.61,0.0,0.0,8.68,6.51,0.0,43.29
41,38.58,2.32,0.0,0.0,6.68,7.63,0.0,44.78
42,39.35,0.71,0.0,0.0,6.53,6.05,0.0,47.35
43,37.45,3.33,0.0,0.0,5.58,6.95,0.0,46.69
44,34.02,2.75,0.0,0.0,5.34,8.53,0.0,49.35
45,40.85,0.01,0.0,0.0,8.38,5.64,0.0,45.11
46,36.92,2.58,0.0,0.0,5.26,7.39,0.0,47.85
47,41.5,2.96,0.0,0.0,4.61,5.56,0.0,45.36
48,34.29,2.55,0.0,0.0,2.83,11.38,0.0,48.95
49,38.81,0.15,0.0,0.0,7.9,5.35,0.0,47.79
50,40.38,0.63,0.0,0.0,6.52,5.65,0.0,46.83
51,35.59,2.02,0.0,0.0,6.2,7.05,0.0,49.14
52,38.89,1.25,0.0,0.0,5.08,8.4,0.0,46.38
53,38.23,1.05,0.0,0.0,7.29,5.3,0.0,48.13
54,37.93,0.93,0.0,0.0,5.83,6.66,0.0,48.65
55,35.7,0.66,0.0,0.0,6.5,5.05,0.0,52.08
56,39.96,2.72,0.0,0.0,7.47,5.77,0.0,44.07
57,37.76,4.02,0.0,0.0,4.47,8.4,0.0,45.34
58,36.53,2.83,0.0,0.0,5.65,8.74,0.0,46.24
59,36.83,0.38,0.0,0.0,6.43,6.77,0.0,49.58
60,35.96,2.59,0.0,0.0,5.36,9.24,0.0,46.86
61,40.35,1.98,0.0,0.0,8.38,5.29,0.0,44.0
62,37.08,1.98,0.0,0.0,6.49,7.2,0.0,47.25
63,36.44,0.77,0.0,0.0,5.24,7.89,0.0,49.65
64,41.97,0.04,0.0,0.0,10.45,5.6,0.0,41.94
65,37.98,4.09,0.0,0.0,6.51,6.59,0.0,44.84
66,37.76,2.67,0.0,0.0,5.56,7.51,0.0,46.5
67,38.4,0.35,0.0,0.0,7.07,5.74,0.0,48.44
68,42.45,1.05,0.0,0.0,7.45,6.18,0.0,42.87
69,40.21,0.52,0.0,0.0,9.21,4.34,0.0,45.71
70,37.81,3.07,0.0,0.0,5.31,7.29,0.0,46.52
71,35.35,3.82,0.0,0.0,3.25,9.9,0.0,47.68
72,34.93,0.24,0.0,0.0,4.85,8.5,0.0,51.48
73,35.38,4.16,0.0,0.0,2.72,10.52,0.0,47.22
74,39.03,1.69,0.0,0.0,6.9,7.22,0.0,45.17
75,39.26,0.44,0.0,0.0,7.14,6.52,0.0,46.64
76,36.31,0.8,0.0,0.0,4.79,9.41,0.0,48.68
77,35.23,1.23,0.0,0.0,3.88,9.19,0.0,50.48
78,40.34,0.79,0.0,0.0,8.07,5.45,0.0,45.35
79,37.08,1.13,0.0,0.0,6.63,8.01,0.0,47.15
80,35.29,0.58,0.0,0.0,5.24,10.1,0.0,48.79
81,39.16,0.6,0.0,0.0,7.63,6.57,0.0,46.06
82,36.0,1.82,0.0,0.0,5.63,8.75,0.0,47.79
83,38.79,1.77,0.0,0.0,6.67,6.82,0.0,45.95
84,34.28,3.85,0.0,0.0,3.14,9.67,0.0,49.06
85,39.91,1.41,0.0,0.0,8.34,5.67,0.0,44.68
86,36.02,0.53,0.0,0.0,6.86,7.78,0.0,48.81
87,38.72,0.34,0.0,0.0,6.48,6.13,0.0,48.32
88,36.69,0.76,0.0,0.0,5.79,6.62,0.0,50.14
89,41.16,3.0,0.0,0.0,8.52,4.85,0.0,42.47
90,39.07,0.57,0.0,0.0,7.2,6.02,0.0,47.14
91,39.23,0.27,0.0,0.0,9.0,3.76,0.0,47.74
92,37.28,0.43,0.0,0.0,8.11,6.32,0.0,47.85
93,35.15,0.06,0.0,0.0,5.35,8.02,0.0,51.43
94,39.63,0.44,0.0,0.0,6.28,6.01,0.0,47.63
95,37.92,1.48,0.0,0.0,6.11,6.88,0.0,47.61
96,37.29,1.13,0.0,0.0,5.32,8.49,0.0,47.77
97,41.41,0.06,0.0,0.0,8.61,5.52,0.0,44.4
98,37.35,0.89,0.0,0.0,5.98,6.83,0.0,48.95
99,34.89,1.5,0.0,0.0,5.4,8.13,0.0,50.07
100,40.64,0.37,0.0,0.0,7.5,5.56,0.0,45.94
101,37.31,2.23,0.0,0.0,5.32,7.18,0.0,47.97
102,41.34,0.69,0.0,0.0,8.37,4.77,0.0,44.83
103,39.6,0.22,0.0,0.0,8.26,5.48,0.0,46.44
104,38.51,0.61,0.0,0.0,6.52,5.83,0.0,48.53
105,40.8,0.7,0.0,0.0,8.14,4.1,0.0,46.25
106,34.95,4.61,0.0,0.0,7.05,7.22,0.0,46.16
107,37.22,1.01,0.0,0.0,6.46,6.3,0.0,49.01
108,37.26,1.36,0.0,0.0,5.05,9.05,0.0,47.28
109,37.81,1.57,0.0,0.0,6.24,6.26,0.0,48.12
110,37.9,0.65,0.0,0.0,6.99,6.76,0.0,47.69
111,38.03,1.13,0.0,0.0,5.89,7.04,0.0,47.92
112,37.48,2.73,0.0,0.0,4.6,8.31,0.0,46.89
113,35.26,2.98,0.0,0.0,5.56,7.1,0.0,49.11
114,38.07,0.26,0.0,0.0,7.39,5.12,0.0,49.16
115,39.19,1.67,0.0,0.0,8.94,6.33,0.0,43.87
116,39.1,0.32,0.0,0.0,7.56,5.72,0.0,47.3
117,34.2,1.03,0.0,0.0,4.29,8.08,0.0,52.4
118,35.64,2.32,0.0,0.0,3.85,9.62,0.0,48.56
119,35.95,2.79,0.0,0.0,4.43,7.06,0.0,49.78
120,34.42,1.8,0.0,0.0,4.92,9.77,0.0,49.09
121,37.29,0.34,0.0,0.0,7.34,6.07,0.0,48.95
122,36.36,0.89,0.0,0.0,4.77,7.03,0.0,50.95
123,39.46,0.29,0.0,0.0,5.57,8.55,0.0,46.13
124,39.37,1.54,0.0,0.0,7.04,6.04,0.0,46.01
125,36.92,0.76,0.0,0.0,6.9,7.35,0.0,48.07
126,37.45,0.08,0.0,0.0,6.17,7.62,0.0,48.68
127,38.44,0.8,0.0,0.0,7.92,5.32,0.0,47.52
128,36.9,1.42,0.0,0.0,5.4,7.8,0.0,48.48
129,42.74,1.34,0.0,0.0,8.66,4.49,0.0,42.77
130,40.25,0.59,0.0,0.0,6.41,6.57,0.0,46.17
131,34.39,0.06,0.0,0.0,5.0,8.15,0.0,52.4
132,40.71,0.18,0.0,0.0,8.52,5.04,0.0,45.55
133,38.87,1.33,0.0,0.0,6.45,6.63,0.0,46.72
134,37.31,0.08,0.0,0.0,7.57,8.14,0.0,46.9
135,38.04,0.76,0.0,0.0,7.35,5.67,0.0,48.18
136,35.56,1.17,0.0,0.0,4.99,9.54,0.0,48.74
137,37.85,2.05,0.0,0.0,7.47,5.6,0.0,47.03
138,39.61,2.1,0.0,0.0,6.95,6.0,0.0,45.34
139,36.48,1.19,0.0,0.0,6.01,7.57,0.0,48.74
140,41.11,0.13,0.0,0.0,8.87,5.72,0.0,44.17
141,42.15,0.22,0.0,0.0,10.11,3.45,0.0,44.07
142,32.69,3.02,0.0,0.0,5.05,9.18,0.0,50.07
143,41.22,0.55,0.0,0.0,8.03,5.65,0.0,44.55
144,36.4,0.62,0.0,0.0,6.2,6.9,0.0,49.88
145,34.23,1.89,0.0,0.0,3.86,11.33,0.0,48.69
146,37.04,2.19,0.0,0.0,5.97,7.31,0.0,47.5
147,40.73,0.09,0.0,0.0,9.3,4.86,0.0,45.01
148,38.96,0.27,0.0,0.0,7.98,6.92,0.0,45.88
149,41.02,1.1,0.0,0.0,9.2,4.33,0.0,44.35
150,37.37,0.35,0.0,0.0,6.16,6.61,0.0,49.52
151,38.64,0.28,0.0,0.0,7.04,5.48,0.0,48.55
152,35.21,0.83,0.0,0.0,3.63,9.97,0.0,50.35
153,34.97,0.55,0.0,0.0,3.16,9.9,0.0,51.41
154,34.18,2.98,0.0,0.0,3.96,10.37,0.0,48.5
155,38.98,0.1,0.0,0.0,8.65,4.35,0.0,47.92
156,37.89,2.3,0.0,0.0,6.07,7.16,0.0,46.57
157,36.6,1.5,0.0,0.0,3.77,9.27,0.0,48.86
158,38.23,2.07,0.0,0.0,6.05,7.81,0.0,45.84
159,37.56,1.99,0.0,0.0,4.46,9.54,0.0,46.44
160,36.99,0.2,0.0,0.0,7.16,5.23,0.0,50.44
161,36.15,1.41,0.0,0.0,5.43,6.0,0.0,51.0
162,37.43,0.69,0.0,0.0,8.0,5.54,0.0,48.33
163,36.88,3.72,0.0,0.0,6.05,6.94,0.0,46.4
164,40.26,1.15,0.0,0.0,7.88,4.96,0.0,45.75
165,38.01,0.43,0.0,0.0,6.93,6.65,0.0,47.98
166,37.58,0.33,0.0,0.0,7.9,6.0,0.0,48.18
167,40.62,0.33,0.0,0.0,7.74,3.29,0.0,48.02
168,34.64,3.55,0.0,0.0,2.49,10.16,0.0,49.16
169,35.59,0.54,0.0,0.0,7.22,5.79,0.0,50.86
170,36.06,0.99,0.0,0.0,7.61,5.15,0.0,50.19
171,37.86,1.46,0.0,0.0,5.52,8.07,0.0,47.09
172,36.86,0.31,0.0,0.0,5.59,7.39,0.0,49.85
173,35.93,3.71,0.0,0.0,4.74,9.25,0.0,46.38
174,39.92,0.27,0.0,0.0,7.75,5.89,0.0,46.17
175,35.86,3.63,0.0,0.0,6.58,7.33,0.0,46.61
176,37.71,0.73,0.0,0.0,6.51,6.49,0.0,48.56
177,35.91,0.73,0.0,0.0,5.09,7.13,0.0,51.14
178,36.48,0.14,0.0,0.0,9.28,5.42,0.0,48.67
179,39.77,1.7,0.0,0.0,6.95,5.41,0.0,46.18
180,37.22,2.84,0.0,0.0,4.21,7.94,0.0,47.79
181,40.74,1.26,0.0,0.0,8.36,4.41,0.0,45.22
182,40.09,0.09,0.0,0.0,8.02,4.67,0.0,47.13
183,38.82,2.04,0.0,0.0,4.93,8.47,0.0,45.74
184,37.5,0.77,0.0,0.0,6.91,6.34,0.0,48.47
185,36.28,0.14,0.0,0.0,5.99,8.55,0.0,49.04
186,36.53,1.71,0.0,0.0,4.43,8.02,0.0,49.31
187,37.76,1.29,0.0,0.0,7.29,6.72,0.0,46.93
188,35.15,1.42,0.0,0.0,4.18,9.0,0.0,50.25
189,34.84,3.28,0.0,0.0,4.95,9.84,0.0,47.09
190,37.15,3.61,0.0,0.0,5.22,8.51,0.0,45.51
191,35.72,0.48,0.0,0.0,4.9,8.79,0.0,50.1
192,35.92,1.1,0.0,0.0,2.68,10.15,0.0,50.16
193,33.52,0.38,0.0,0.0,3.89,11.25,0.0,50.97
194,38.73,3.01,0.0,0.0,6.56,6.88,0.0,44.82
195,38.22,1.07,0.0,0.0,7.71,6.69,0.0,46.31
196,40.88,2.63,0.0,0.0,7.62,6.14,0.0,42.73
197,36.13,0.47,0.0,0.0,3.65,9.88,0.0,49.86
198,38.7,0.6,0.0,0.0,5.65,7.91,0.0,47.14
199,36.56,1.92,0.0,0.0,5.38,8.13,0.0,48.02
200,42.11,0.99,0.0,0.0,7.44,4.76,0.0,44.71
201,38.22,0.99,0.0,0.0,5.5,7.16,0.0,48.12
202,34.88,4.44,0.0,0.0,3.6,11.86,0.0,45.22
203,37.28,4.41,0.0,0.0,5.72,8.63,0.0,43.96
204,35.37,0.01,0.0,0.0,12.98,3.13,0.0,48.52
205,34.59,2.42,0.0,0.0,2.27,12.76,0.0,47.96
206,35.15,0.67,0.0,0.0,4.12,7.51,0.0,52.54
207,36.93,0.42,0.0,0.0,7.87,5.9,0.0,48.87
208,37.61,0.83,0.0,0.0,10.72,3.4,0.0,47.44
209,35.72,1.95,0.0,0.0,4.75,8.67,0.0,48.91
210,38.93,3.42,0.0,0.0,8.5,5.87,0.0,43.29
211,39.11,1.03,0.0,0.0,6.7,5.93,0.0,47.23
212,38.43,1.28,0.0,0.0,7.46,6.05,0.0,46.77
213,37.87,1.24,0.0,0.0,6.03,7.02,0.0,47.84
214,37.36,1.24,0.0,0.0,5.26,9.07,0.0,47.07
215,36.63,0.51,0.0,0.0,4.46,7.52,0.0,50.88
216,37.85,0.19,0.0,0.0,7.27,5.99,0.0,48.7
217,36.94,0.33,0.0,0.0,6.49,7.66,0.0,48.59
218,39.39,0.49,0.0,0.0,5.12,6.62,0.0,48.37
219,37.8,0.08,0.0,0.0,11.17,1.42,0.0,49.52
220,35.07,0.0,0.0,0.0,12.9,2.8,0.0,49.23
221,38.86,0.41,0.0,0.0,6.85,5.92,0.0,47.96
222,40.15,0.56,0.0,0.0,8.73,6.15,0.0,44.4
223,39.76,1.19,0.0,0.0,7.3,5.49,0.0,46.25
224,38.65,1.0,0.0,0.0,6.94,5.28,0.0,48.13
225,37.88,3.4,0.0,0.0,3.73,8.5,0.0,46.49
226,41.07,0.2,0.0,0.0,8.52,3.37,0.0,46.85
227,37.87,0.21,0.0,0.0,7.27,6.55,0.0,48.09
228,37.14,2.18,0.0,0.0,4.77,9.45,0.0,46.46
229,39.78,0.65,0.0,0.0,7.23,4.7,0.0,47.64
230,39.82,0.8,0.0,0.0,9.62,4.94,0.0,44.83
231,37.13,0.76,0.0,0.0,6.01,8.0,0.0,48.11
232,36.97,0.39,0.0,0.0,6.24,5.07,0.0,51.34
233,39.5,0.56,0.0,0.0,6.3,6.72,0.0,46.92
234,37.12,1.8,0.0,0.0,6.6,7.96,0.0,46.52
235,36.93,0.18,0.0,0.0,6.42,8.78,0.0,47.69
236,38.94,0.36,0.0,0.0,5.37,7.26,0.0,48.07
237,36.21,1.33,0.0,0.0,7.22,6.14,0.0,49.1
238,38.26,0.11,0.0,0.0,5.98,7.87,0.0,47.78
239,37.05,1.71,0.0,0.0,5.61,5.88,0.0,49.75
240,37.95,0.56,0.0,0.0,3.96,9.5,0.0,48.03
241,35.06,1.77,0.0,0.0,5.59,8.05,0.0,49.53
242,39.43,0.73,0.0,0.0,6.86,6.63,0.0,46.36
243,37.19,2.21,0.0,0.0,6.76,7.35,0.0,46.49
244,37.04,2.92,0.0,0.0,5.32,8.1,0.0,46.63
245,40.38,0.75,0.0,0.0,7.67,5.25,0.0,45.95
246,37.54,2.77,0.0,0.0,5.72,6.19,0.0,47.78
247,38.22,0.53,0.0,0.0,7.36,5.39,0.0,48.51
248,37.7,0.17,0.0,0.0,6.86,7.32,0.0,47.96
249,38.62,2.29,0.0,0.0,6.32,6.25,0.0,46.51
250,39.12,0.63,0.0,0.0,6.45,6.93,0.0,46.86
251,36.78,1.02,0.0,0.0,6.74,6.38,0.0,49.08
252,36.22,0.92,0.0,0.0,5.12,9.43,0.0,48.31
253,35.34,1.65,0.0,0.0,3.86,9.48,0.0,49.68
254,33.99,5.81,0.0,0.0,3.39,9.42,0.0,47.39
255,35.76,2.19,0.0,0.0,4.27,8.96,0.0,48.83
256,34.47,0.47,0.0,0.0,4.16,9.26,0.0,51.63
257,37.83,1.03,0.0,0.0,5.87,7.51,0.0,47.77
258,37.55,2.66,0.0,0.0,4.49,8.22,0.0,47.08
259,39.14,2.02,0.0,0.0,7.88,5.27,0.0,45.68
260,35.63,2.02,0.0,0.0,3.56,10.36,0.0,48.43
261,35.29,1.89,0.0,0.0,5.21,9.35,0.0,48.26
262,38.29,1.39,0.0,0.0,6.43,6.86,0.0,47.04
263,37.2,0.97,0.0,0.0,5.24,6.72,0.0,49.86
264,35.5,0.44,0.0,0.0,5.14,7.86,0.0,51.07
265,40.31,1.55,0.0,0.0,6.32,6.2,0.0,45.62
266,38.05,1.1,0.0,0.0,7.18,6.65,0.0,47.01
267,33.79,1.52,0.0,0.0,3.15,9.53,0.0,52.0
268,37.61,6.53,0.0,0.0,4.24,8.29,0.0,43.34
269,36.25,1.1,0.0,0.0,5.67,8.1,0.0,48.87
270,35.84,4.38,0.0,0.0,4.12,9.42,0.0,46.25
271,37.78,1.05,0.0,0.0,4.21,7.71,0.0,49.25
272,34.02,1.28,0.0,0.0,3.91,10.38,0.0,50.42
273,36.51,1.61,0.0,0.0,5.63,8.08,0.0,48.18
274,36.05,1.44,0.0,0.0,4.96,8.61,0.0,48.93
275,39.29,0.3,0.0,0.0,9.67,5.22,0.0,45.52
276,35.3,0.61,0.0,0.0,3.51,9.69,0.0,50.89
277,39.01,1.22,0.0,0.0,7.9,6.24,0.0,45.63
278,34.05,4.03,0.0,0.0,3.2,10.34,0.0,48.38
279,35.48,5.52,0.0,0.0,3.04,10.7,0.0,45.26
280,35.21,1.56,0.0,0.0,4.53,8.35,0.0,50.35
281,38.45,0.21,0.0,0.0,8.0,5.86,0.0,47.49
282,38.88,0.83,0.0,0.0,6.62,6.67,0.0,47.01
283,38.17,3.22,0.0,0.0,5.42,7.45,0.0,45.74
284,39.88,0.47,0.0,0.0,9.06,4.85,0.0,45.74
285,39.15,1.58,0.0,0.0,6.6,6.78,0.0,45.89
286,35.03,0.59,0.0,0.0,6.49,6.62,0.0,51.27
287,39.08,0.68,0.0,0.0,7.18,5.79,0.0,47.27
288,36.54,3.37,0.0,0.0,3.91,9.48,0.0,46.7
289,36.03,1.16,0.0,0.0,5.67,8.13,0.0,49.0
290,39.74,2.84,0.0,0.0,6.9,6.26,0.0,44.25
291,38.34,0.0,0.0,0.0,10.85,3.49,0.0,47.32
292,35.94,2.82,0.0,0.0,4.58,8.73,0.0,47.93
293,36.93,3.63,0.0,0.0,5.76,8.07,0.0,45.61
294,39.29,1.02,0.0,0.0,7.51,4.77,0.0,47.4
295,36.73,4.25,0.0,0.0,5.33,7.43,0.0,46.26
296,37.38,1.74,0.0,0.0,4.16,8.82,0.0,47.9
297,37.55,0.96,0.0,0.0,9.71,4.07,0.0,47.71
298,36.55,0.54,0.0,0.0,5.19,8.69,0.0,49.02
299,38.4,0.08,0.0,0.0,6.76,6.64,0.0,48.12
300,36.7,1.32,0.0,0.0,3.3,9.97,0.0,48.71
301,36.01,0.5,0.0,0.0,11.53,2.66,0.0,49.3
302,34.88,0.38,0.0,0.0,5.54,7.24,0.0,51.96
303,40.27,0.55,0.0,0.0,7.28,5.82,0.0,46.08
304,36.26,0.68,0.0,0.0,6.41,5.61,0.0,51.03
305,36.01,0.78,0.0,0.0,5.18,8.07,0.0,49.96
306,43.71,0.41,0.0,0.0,7.75,3.6,0.0,44.53
307,36.34,4.98,0.0,0.0,4.57,9.0,0.0,45.1
308,37.55,0.43,0.0,0.0,7.02,6.85,0.0,48.15
309,38.56,3.47,0.0,0.0,6.46,7.53,0.0,43.98
310,37.13,2.09,0.0,0.0,5.43,8.37,0.0,46.98
311,35.17,0.25,0.0,0.0,13.29,2.85,0.0,48.45
312,38.56,1.51,0.0,0.0,5.52,7.17,0.0,47.24
313,38.95,0.73,0.0,0.0,6.27,5.49,0.0,48.56
314,37.99,0.42,0.0,0.0,6.82,8.13,0.0,46.64
315,34.41,0.49,0.0,0.0,4.65,7.98,0.0,52.46
316,39.61,0.74,0.0,0.0,4.78,6.71,0.0,48.16
317,33.34,0.41,0.0,0.0,4.3,9.28,0.0,52.67
318,36.53,0.81,0.0,0.0,4.92,8.14,0.0,49.6
319,36.6,3.78,0.0,0.0,4.72,8.54,0.0,46.36
320,38.68,0.97,0.0,0.0,5.97,6.47,0.0,47.91
321,35.25,0.57,0.0,0.0,4.45,10.61,0.0,49.12
322,38.5,0.8,0.0,0.0,6.18,6.59,0.0,47.94
323,26.58,0.12,0.0,0.0,18.55,0.61,0.0,54.14
324,39.17,1.31,0.0,0.0,7.0,6.56,0.0,45.97
325,33.19,4.92,0.0,0.0,2.52,11.43,0.0,47.95
326,34.94,0.02,0.0,0.0,5.62,7.59,0.0,51.84
327,42.52,0.09,0.0,0.0,10.57,4.22,0.0,42.59
328,37.79,1.72,0.0,0.0,4.2,7.86,0.0,48.43
329,38.67,1.05,0.0,0.0,5.5,7.64,0.0,47.14
330,39.3,2.13,0.0,0.0,5.88,6.95,0.0,45.75
331,41.2,0.2,0.0,0.0,7.4,5.68,0.0,45.52
332,36.94,1.41,0.0,0.0,5.85,7.73,0.0,48.08
333,37.84,2.04,0.0,0.0,5.14,7.66,0.0,47.32
334,38.81,1.72,0.0,0.0,5.75,7.22,0.0,46.49
335,37.5,0.98,0.0,0.0,7.59,6.11,0.0,47.82
336,40.49,0.23,0.0,0.0,8.57,5.62,0.0,45.1
337,38.42,0.41,0.0,0.0,5.72,7.52,0.0,47.93
338,36.71,3.57,0.0,0.0,4.25,9.51,0.0,45.97
339,40.79,0.03,0.0,0.0,9.29,5.0,0.0,44.9
340,36.48,2.43,0.0,0.0,6.6,6.21,0.0,48.28
341,38.54,1.06,0.0,0.0,5.46,6.32,0.0,48.61
342,38.67,1.37,0.0,0.0,5.56,5.43,0.0,48.96
343,36.67,3.05,0.0,0.0,5.35,8.14,0.0,46.79
344,38.95,3.05,0.0,0.0,5.19,7.44,0.0,45.36
345,38.53,0.09,0.0,0.0,10.37,3.77,0.0,47.25
346,39.48,1.49,0.0,0.0,6.06,7.9,0.0,45.07
347,37.59,2.88,0.0,0.0,4.89,7.44,0.0,47.2
348,35.27,1.53,0.0,0.0,3.79,9.95,0.0,49.46
349,37.73,1.54,0.0,0.0,6.61,7.86,0.0,46.26
350,34.77,4.55,0.0,0.0,4.47,8.28,0.0,47.94
351,37.86,1.33,0.0,0.0,6.65,8.46,0.0,45.69
352,39.1,1.19,0.0,0.0,8.72,4.38,0.0,46.62
353,36.12,3.1,0.0,0.0,4.18,9.62,0.0,46.98
354,35.43,2.37,0.0,0.0,4.64,8.41,0.0,49.14
355,36.85,2.8,0.0,0.0,3.89,8.94,0.0,47.53
356,36.31,1.91,0.0,0.0,5.8,7.03,0.0,48.95
357,43.11,0.39,0.0,0.0,11.62,3.66,0.0,41.22
358,41.6,0.04,0.0,0.0,9.33,4.21,0.0,44.83
359,36.44,3.04,0.0,0.0,4.51,8.85,0.0,47.17
360,40.76,0.03,0.0,0.0,8.04,4.86,0.0,46.31
361,39.78,1.18,0.0,0.0,6.72,6.35,0.0,45.97
362,38.66,0.96,0.0,0.0,6.86,6.34,0.0,47.18
363,36.69,3.38,0.0,0.0,4.39,8.08,0.0,47.47
364,39.19,0.04,0.0,0.0,6.01,7.51,0.0,47.26
365,35.99,3.32,0.0,0.0,4.07,10.06,0.0,46.56
366,39.69,0.85,0.0,0.0,8.31,4.96,0.0,46.19
367,36.78,2.03,0.0,0.0,5.6,7.33,0.0,48.25
368,35.03,0.58,0.0,0.0,7.41,6.43,0.0,50.55
369,40.7,2.78,0.0,0.0,8.46,5.16,0.0,42.9
370,36.04,0.11,0.0,0.0,4.36,8.47,0.0,51.03
371,38.78,0.71,0.0,0.0,6.59,6.56,0.0,47.36
372,37.37,0.44,0.0,0.0,6.94,7.5,0.0,47.75
373,37.36,3.47,0.0,0.0,4.12,8.51,0.0,46.54
374,37.13,0.85,0.0,0.0,6.43,6.43,0.0,49.15
375,35.27,0.67,0.0,0.0,4.91,7.46,0.0,51.7
376,35.62,0.03,0.0,0.0,6.73,7.93,0.0,49.7
377,36.34,0.14,0.0,0.0,5.37,7.01,0.0,51.14
378,36.35,1.25,0.0,0.0,4.59,8.51,0.0,49.3
379,32.36,7.52,0.0,0.0,2.5,10.6,0.0,47.03
380,36.8,1.1,0.0,0.0,3.37,9.06,0.0,49.67
381,35.32,2.98,0.0,0.0,2.99,9.03,0.0,49.67
382,37.39,2.27,0.0,0.0,4.49,7.79,0.0,48.07
383,42.62,1.33,0.0,0.0,10.39,3.4,0.0,42.27
384,38.44,3.12,0.0,0.0,7.26,6.97,0.0,44.21
385,35.78,2.5,0.0,0.0,3.99,9.08,0.0,48.66
386,37.96,2.3,0.0,0.0,5.82,7.71,0.0,46.21
387,38.4,0.3,0.0,0.0,7.46,6.81,0.0,47.04
388,37.17,1.14,0.0,0.0,5.71,6.27,0.0,49.71
389,37.94,0.8,0.0,0.0,6.17,7.42,0.0,47.67
390,37.21,0.99,0.0,0.0,6.25,6.2,0.0,49.36
391,37.97,2.18,0.0,0.0,7.85,6.9,0.0,45.1
392,32.84,7.72,0.0,0.0,3.28,10.62,0.0,45.54
393,38.5,0.84,0.0,0.0,6.18,7.49,0.0,46.98
394,37.65,0.77,0.0,0.0,6.06,7.43,0.0,48.09
395,35.98,1.42,0.0,0.0,5.2,8.3,0.0,49.1
396,38.77,0.66,0.0,0.0,6.83,8.08,0.0,45.66
397,36.35,0.3,0.0,0.0,3.95,9.25,0.0,50.15
398,42.23,0.43,0.0,0.0,10.55,3.5,0.0,43.28
399,37.88,0.67,0.0,0.0,6.73,6.14,0.0,48.58
400,37.46,1.38,0.0,0.0,6.3,7.36,0.0,47.5
401,36.77,2.12,0.0,0.0,5.34,7.76,0.0,48.01
402,36.88,0.57,0.0,0.0,6.92,6.13,0.0,49.5
403,38.48,0.16,0.0,0.0,6.56,7.11,0.0,47.69
404,37.47,3.34,0.0,0.0,6.29,6.67,0.0,46.23
405,37.07,0.46,0.0,0.0,7.43,5.27,0.0,49.77
406,38.91,0.92,0.0,0.0,5.89,7.92,0.0,46.36
407,38.32,0.44,0.0,0.0,6.93,6.49,0.0,47.81
408,34.35,2.93,0.0,0.0,11.79,5.73,0.0,45.2
409,40.75,3.52,0.0,0.0,6.62,6.67,0.0,42.43
410,37.38,1.87,0.0,0.0,4.11,8.44,0.0,48.2
411,33.58,6.98,0.0,0.0,4.17,9.82,0.0,45.45
412,37.19,0.95,0.0,0.0,5.29,8.13,0.0,48.45
413,38.68,0.58,0.0,0.0,5.73,7.47,0.0,47.55
414,37.44,0.01,0.0,0.0,6.91,6.8,0.0,48.82
415,38.84,1.41,0.0,0.0,7.19,6.96,0.0,45.6
416,40.98,0.19,0.0,0.0,8.9,4.39,0.0,45.54
417,36.73,2.1,0.0,0.0,5.84,5.8,0.0,49.54
418,35.16,0.01,0.0,0.0,9.87,4.82,0.0,50.13
419,42.11,0.87,0.0,0.0,10.04,3.04,0.0,43.94
420,36.58,1.33,0.0,0.0,5.25,7.29,0.0,49.56
421,37.39,2.54,0.0,0.0,6.11,6.92,0.0,47.04
422,39.53,1.2,0.0,0.0,7.84,5.87,0.0,45.56
423,40.73,0.43,0.0,0.0,7.3,5.02,0.0,46.52
424,35.11,2.75,0.0,0.0,3.79,9.16,0.0,49.19
425,34.98,1.83,0.0,0.0,5.34,9.09,0.0,48.76
426,36.5,1.0,0.0,0.0,3.81,10.14,0.0,48.56
427,35.85,1.31,0.0,0.0,4.41,7.72,0.0,50.71
428,40.42,0.86,0.0,0.0,6.07,6.62,0.0,46.03
429,40.8,0.19,0.0,0.0,8.79,5.21,0.0,45.01
430,38.31,3.12,0.0,0.0,8.75,6.37,0.0,43.45
431,39.72,0.86,0.0,0.0,4.61,7.01,0.0,47.78
432,35.73,1.56,0.0,0.0,2.88,8.98,0.0,50.86
433,36.39,0.74,0.0,0.0,5.69,9.07,0.0,48.11
434,36.27,0.41,0.0,0.0,5.2,8.76,0.0,49.36
435,38.07,1.52,0.0,0.0,8.18,6.83,0.0,45.41
436,37.65,2.39,0.0,0.0,6.21,7.15,0.0,46.6
437,35.32,0.36,0.0,0.0,4.36,11.48,0.0,48.48
438,39.16,0.88,0.0,0.0,7.1,6.73,0.0,46.13
439,39.9,0.14,0.0,0.0,7.03,4.8,0.0,48.13
440,36.11,0.33,0.0,0.0,5.3,8.14,0.0,50.13
441,35.98,0.13,0.0,0.0,9.45,6.64,0.0,47.8
442,37.89,0.0,0.0,0.0,10.04,3.19,0.0,48.88
443,42.26,0.39,0.0,0.0,11.17,3.0,0.0,43.18
444,38.63,1.68,0.0,0.0,8.2,7.43,0.0,44.06
445,40.6,1.06,0.0,0.0,7.3,4.93,0.0,46.11
446,37.14,1.3,0.0,0.0,6.85,6.49,0.0,48.24
447,38.88,0.83,0.0,0.0,6.41,6.96,0.0,46.92
448,37.13,2.45,0.0,0.0,6.37,7.71,0.0,46.34
449,38.1,1.67,0.0,0.0,4.33,9.18,0.0,46.72
450,36.78,0.21,0.0,0.0,4.79,6.52,0.0,51.7
451,36.6,0.55,0.0,0.0,4.97,10.21,0.0,47.67
452,38.55,0.6,0.0,0.0,4.77,7.85,0.0,48.23
453,37.25,0.37,0.0,0.0,5.87,8.27,0.0,48.24
454,35.06,1.71,0.0,0.0,4.66,10.63,0.0,47.94
455,39.82,0.67,0.0,0.0,9.24,4.42,0.0,45.85
456,40.77,2.65,0.0,0.0,5.71,5.95,0.0,44.91
457,34.59,0.38,0.0,0.0,3.61,8.63,0.0,52.78
458,36.4,0.72,0.0,0.0,6.75,7.68,0.0,48.45
459,37.44,0.32,0.0,0.0,8.86,5.06,0.0,48.32
460,38.71,1.37,0.0,0.0,4.03,8.68,0.0,47.21
461,41.23,0.21,0.0,0.0,6.36,7.05,0.0,45.14
462,39.41,0.14,0.0,0.0,8.81,5.88,0.0,45.76
463,35.87,0.85,0.0,0.0,5.87,7.47,0.0,49.94
464,38.73,3.47,0.0,0.0,5.55,6.98,0.0,45.27
465,36.43,0.28,0.0,0.0,4.45,8.31,0.0,50.54
466,38.86,0.19,0.0,0.0,7.97,5.37,0.0,47.61
467,37.05,3.5,0.0,0.0,6.29,7.92,0.0,45.25
468,36.11,1.33,0.0,0.0,4.13,10.72,0.0,47.72
469,34.82,0.15,0.0,0.0,13.74,2.26,0.0,49.03
470,37.32,1.5,0.0,0.0,6.29,5.88,0.0,49.01
471,38.13,0.88,0.0,0.0,5.55,8.55,0.0,46.89
472,39.04,0.09,0.0,0.0,8.23,4.54,0.0,48.1
473,41.17,0.57,0.0,0.0,7.95,4.64,0.0,45.68
474,37.36,1.01,0.0,0.0,6.36,7.76,0.0,47.51
475,40.81,0.29,0.0,0.0,9.76,3.25,0.0,45.9
476,35.47,0.03,0.0,0.0,6.9,7.28,0.0,50.33
477,40.7,0.53,0.0,0.0,9.27,4.9,0.0,44.6
478,38.98,1.21,0.0,0.0,9.81,4.37,0.0,45.63
479,38.54,0.85,0.0,0.0,6.36,5.66,0.0,48.58
480,35.46,0.27,0.0,0.0,4.06,8.31,0.0,51.9
481,36.51,1.03,0.0,0.0,5.49,8.29,0.0,48.68
482,36.98,2.77,0.0,0.0,5.27,7.54,0.0,47.45
483,38.65,1.16,0.0,0.0,6.79,8.18,0.0,45.23
484,36.55,1.61,0.0,0.0,5.42,8.14,0.0,48.28
485,34.91,1.99,0.0,0.0,3.84,9.7,0.0,49.57
486,35.87,3.1,0.0,0.0,4.33,9.12,0.0,47.59
487,37.62,1.45,0.0,0.0,4.57,8.04,0.0,48.32
488,33.46,0.96,0.0,0.0,7.36,5.49,0.0,52.74
489,39.65,0.52,0.0,0.0,8.29,5.41,0.0,46.13
490,39.98,0.62,0.0,0.0,8.99,3.99,0.0,46.42
491,33.96,6.1,0.0,0.0,4.31,9.97,0.0,45.66
492,37.56,0.15,0.0,0.0,4.36,5.99,0.0,51.95
493,38.7,3.33,0.0,0.0,8.82,6.63,0.0,42.52
494,39.97,0.23,0.0,0.0,7.13,5.01,0.0,47.65
495,36.89,1.9,0.0,0.0,4.03,7.83,0.0,49.35
496,35.25,1.2,0.0,0.0,4.08,8.75,0.0,50.73
497,39.44,0.62,0.0,0.0,6.26,6.23,0.0,47.45
498,36.85,6.16,0.0,0.0,5.57,8.08,0.0,43.34
499,36.73,1.73,0.0,0.0,3.57,9.49,0.0,48.49
500,36.38,2.42,0.0,0.0,5.62,7.06,0.0,48.51
501,35.25,2.19,0.0,0.0,4.36,9.27,0.0,48.94
502,38.55,2.13,0.0,0.0,4.97,7.96,0.0,46.38
503,39.77,2.68,0.0,0.0,7.89,5.65,0.0,44.01
504,38.0,0.14,0.0,0.0,7.54,5.76,0.0,48.55
505,34.94,0.32,0.0,0.0,5.85,6.61,0.0,52.28
506,39.2,0.89,0.0,0.0,6.42,6.46,0.0,47.03
507,40.77,1.74,0.0,0.0,5.33,7.29,0.0,44.88
508,39.49,3.38,0.0,0.0,5.08,7.11,0.0,44.94
509,39.75,2.04,0.0,0.0,7.3,6.46,0.0,44.44
510,39.25,0.51,0.0,0.0,8.04,3.68,0.0,48.52
511,38.16,4.36,0.0,0.0,6.07,7.0,0.0,44.4
512,34.21,1.13,0.0,0.0,1.37,13.7,0.0,49.58
513,36.62,0.27,0.0,0.0,5.82,9.05,0.0,48.25
514,35.36,0.13,0.0,0.0,3.65,8.43,0.0,52.43
515,38.81,1.89,0.0,0.0,7.37,4.58,0.0,47.36
516,33.69,1.93,0.0,0.0,3.84,13.0,0.0,47.53
517,38.29,1.83,0.0,0.0,5.69,6.28,0.0,47.92
518,35.73,0.39,0.0,0.0,6.08,7.78,0.0,50.02
519,40.71,0.8,0.0,0.0,8.5,5.26,0.0,44.73
520,36.8,0.39,0.0,0.0,5.66,7.67,0.0,49.49
521,38.17,1.13,0.0,0.0,5.55,6.97,0.0,48.18
522,35.64,0.25,0.0,0.0,4.8,8.73,0.0,50.57
523,38.23,3.19,0.0,0.0,8.57,6.2,0.0,43.81
524,38.44,1.11,0.0,0.0,5.82,6.03,0.0,48.6
525,37.22,0.32,0.0,0.0,6.73,6.52,0.0,49.21
526,38.78,0.39,0.0,0.0,7.75,5.32,0.0,47.76
527,38.77,0.87,0.0,0.0,6.35,7.3,0.0,46.7
528,38.28,2.14,0.0,0.0,8.49,6.32,0.0,44.77
529,39.85,0.24,0.0,0.0,5.93,5.89,0.0,48.08
530,40.07,0.46,0.0,0.0,7.25,6.92,0.0,45.3
531,37.73,2.74,0.0,0.0,5.81,7.58,0.0,46.14
532,38.5,1.41,0.0,0.0,6.77,6.4,0.0,46.91
533,35.81,0.36,0.0,0.0,5.46,8.63,0.0,49.74
534,34.39,0.39,0.0,0.0,4.83,8.22,0.0,52.17
535,38.78,1.62,0.0,0.0,7.2,6.25,0.0,46.15
536,39.82,0.04,0.0,0.0,8.96,3.75,0.0,47.43
537,36.29,0.57,0.0,0.0,7.64,4.25,0.0,51.25
538,39.85,1.54,0.0,0.0,8.35,6.01,0.0,44.25
539,38.42,2.75,0.0,0.0,4.24,7.94,0.0,46.65
540,35.39,4.01,0.0,0.0,3.96,9.95,0.0,46.68
541,37.18,1.08,0.0,0.0,7.19,6.82,0.0,47.74
542,35.53,0.35,0.0,0.0,6.17,5.52,0.0,52.43
543,40.68,1.03,0.0,0.0,8.44,5.48,0.0,44.38
544,37.33,1.98,0.0,0.0,4.67,7.54,0.0,48.48
545,38.78,1.01,0.0,0.0,5.33,6.19,0.0,48.69
546,39.48,0.47,0.0,0.0,6.46,5.44,0.0,48.14
547,38.61,1.81,0.0,0.0,6.63,6.34,0.0,46.61
548,35.7,0.27,0.0,0.0,5.27,9.52,0.0,49.24
549,36.95,1.44,0.0,0.0,5.05,9.87,0.0,46.69
550,37.46,2.34,0.0,0.0,5.84,8.11,0.0,46.25
551,37.07,0.89,0.0,0.0,7.03,6.7,0.0,48.31
552,34.87,2.22,0.0,0.0,3.99,9.17,0.0,49.75
553,40.97,1.04,0.0,0.0,5.55,7.05,0.0,45.39
554,38.7,2.39,0.0,0.0,5.9,7.15,0.0,45.85
555,37.19,3.23,0.0,0.0,6.13,6.64,0.0,46.81
556,42.13,0.2,0.0,0.0,7.92,4.68,0.0,45.06
557,34.74,0.84,0.0,0.0,2.4,9.5,0.0,52.52
558,37.02,1.13,0.0,0.0,6.6,5.16,0.0,50.09
559,35.33,2.9,0.0,0.0,3.63,10.67,0.0,47.47
560,37.46,1.38,0.0,0.0,6.15,7.86,0.0,47.14
561,35.0,0.99,0.0,0.0,3.31,9.81,0.0,50.9
562,36.55,1.59,0.0,0.0,5.55,7.19,0.0,49.12
563,39.38,0.83,0.0,0.0,5.6,7.62,0.0,46.58
564,39.36,0.91,0.0,0.0,8.08,4.93,0.0,46.71
565,35.94,4.62,0.0,0.0,5.27,9.57,0.0,44.59
566,38.81,1.57,0.0,0.0,6.62,6.39,0.0,46.61
567,39.53,0.38,0.0,0.0,6.95,5.47,0.0,47.67
568,36.74,0.41,0.0,0.0,5.32,7.66,0.0,49.86
569,35.86,0.99,0.0,0.0,6.3,7.49,0.0,49.36
570,36.91,3.43,0.0,0.0,6.05,6.72,0.0,46.89
571,34.6,3.29,0.0,0.0,5.72,7.72,0.0,48.67
572,37.11,5.47,0.0,0.0,4.66,8.24,0.0,44.52
573,36.64,0.71,0.0,0.0,5.99,7.72,0.0,48.94
574,40.29,1.54,0.0,0.0,7.79,5.64,0.0,44.73
575,37.52,1.25,0.0,0.0,6.2,6.8,0.0,48.22
576,37.66,0.58,0.0,0.0,6.44,7.62,0.0,47.7
577,39.17,0.92,0.0,0.0,5.72,5.56,0.0,48.63
578,36.9,2.68,0.0,0.0,7.37,6.72,0.0,46.33
579,38.61,1.95,0.0,0.0,8.78,5.81,0.0,44.85
580,39.7,0.38,0.0,0.0,8.59,5.21,0.0,46.12
581,42.05,0.02,0.0,0.0,10.42,2.56,0.0,44.95
582,38.58,2.41,0.0,0.0,5.92,7.49,0.0,45.6
583,36.27,0.92,0.0,0.0,6.96,6.32,0.0,49.54
584,38.02,0.11,0.0,0.0,5.62,7.75,0.0,48.5
585,37.96,1.21,0.0,0.0,6.96,5.98,0.0,47.88
586,39.86,0.16,0.0,0.0,7.42,5.81,0.0,46.75
587,39.06,0.43,0.0,0.0,5.38,6.93,0.0,48.21
588,35.55,3.61,0.0,0.0,4.24,8.9,0.0,47.7
589,38.04,0.36,0.0,0.0,10.06,3.27,0.0,48.26
590,39.6,1.06,0.0,0.0,7.54,5.75,0.0,46.05
591,40.11,2.24,0.0,0.0,9.41,6.48,0.0,41.76
592,38.44,0.66,0.0,0.0,5.88,7.5,0.0,47.52
593,36.09,0.23,0.0,0.0,10.33,2.59,0.0,50.77
594,37.55,0.0,0.0,0.0,11.12,3.23,0.0,48.1
595,36.3,6.19,0.0,0.0,4.6,9.01,0.0,43.9
596,40.01,1.6,0.0,0.0,7.71,5.48,0.0,45.2
597,38.71,1.28,0.0,0.0,6.58,7.88,0.0,45.56
598,37.02,1.46,0.0,0.0,4.78,7.7,0.0,49.04
599,39.62,0.61,0.0,0.0,7.81,5.36,0.0,46.6
600,37.33,2.73,0.0,0.0,5.77,7.39,0.0,46.78
601,36.88,1.17,0.0,0.0,4.36,9.63,0.0,47.95
602,34.78,0.2,0.0,0.0,5.96,5.77,0.0,53.29
603,38.2,1.28,0.0,0.0,5.57,7.55,0.0,47.4
604,38.81,0.58,0.0,0.0,7.86,5.55,0.0,47.2
605,36.6,0.6,0.0,0.0,5.71,7.68,0.0,49.4
606,39.46,1.6,0.0,0.0,7.27,6.3,0.0,45.38
607,36.14,2.61,0.0,0.0,4.38,7.36,0.0,49.51
608,37.4,0.38,0.0,0.0,4.08,9.96,0.0,48.18
609,41.82,1.13,0.0,0.0,6.83,5.17,0.0,45.05
610,37.75,0.68,0.0,0.0,6.55,7.45,0.0,47.57
611,40.86,2.62,0.0,0.0,8.66,4.63,0.0,43.23
612,36.71,4.72,0.0,0.0,4.94,6.9,0.0,46.73
613,35.88,0.41,0.0,0.0,2.64,10.72,0.0,50.36
614,35.38,2.67,0.0,0.0,4.88,8.34,0.0,48.73
615,36.29,0.32,0.0,0.0,5.72,5.99,0.0,51.68
616,38.06,4.55,0.0,0.0,5.78,6.72,0.0,44.89
617,44.73,0.28,0.0,0.0,10.75,2.75,0.0,41.49
618,36.67,1.8,0.0,0.0,5.06,8.48,0.0,47.99
619,38.38,0.67,0.0,0.0,6.24,7.57,0.0,47.14
620,37.74,3.17,0.0,0.0,7.09,7.71,0.0,44.29
621,35.17,2.24,0.0,0.0,7.81,5.37,0.0,49.41
622,39.18,2.17,0.0,0.0,5.55,7.32,0.0,45.79
623,40.19,0.07,0.0,0.0,11.02,2.74,0.0,45.99
624,40.55,0.31,0.0,0.0,8.34,5.65,0.0,45.15
625,37.65,2.01,0.0,0.0,5.66,7.77,0.0,46.91
626,40.0,0.47,0.0,0.0,7.55,5.18,0.0,46.79
627,34.25,1.13,0.0,0.0,4.62,9.08,0.0,50.91
628,39.04,2.23,0.0,0.0,6.29,7.05,0.0,45.4
629,39.63,0.39,0.0,0.0,7.9,6.07,0.0,46.01
630,37.14,0.84,0.0,0.0,4.75,9.18,0.0,48.1
631,38.08,2.56,0.0,0.0,7.25,6.96,0.0,45.16
632,39.9,1.33,0.0,0.0,7.34,4.25,0.0,47.18
633,38.86,0.4,0.0,0.0,6.88,6.57,0.0,47.29
634,36.07,4.76,0.0,0.0,4.38,8.03,0.0,46.77
635,35.11,5.07,0.0,0.0,5.27,8.9,0.0,45.65
636,37.2,0.61,0.0,0.0,5.89,7.67,0.0,48.63
637,38.65,0.36,0.0,0.0,7.17,6.64,0.0,47.18
638,40.31,0.59,0.0,0.0,9.3,6.41,0.0,43.39
639,34.82,0.0,0.0,0.0,5.4,8.18,0.0,51.6
640,36.41,2.03,0.0,0.0,5.15,7.73,0.0,48.69
641,38.63,2.06,0.0,0.0,8.56,5.07,0.0,45.68
642,37.06,0.59,0.0,0.0,3.7,8.65,0.0,49.99
643,38.7,0.44,0.0,0.0,9.22,6.63,0.0,45.01
644,36.44,0.35,0.0,0.0,7.14,6.19,0.0,49.88
645,36.96,0.34,0.0,0.0,9.18,4.21,0.0,49.31
646,36.93,1.35,0.0,0.0,5.36,8.52,0.0,47.85
647,40.53,0.01,0.0,0.0,14.35,1.21,0.0,43.89
648,38.23,0.9,0.0,0.0,5.6,7.12,0.0,48.15
649,37.68,0.39,0.0,0.0,6.51,6.62,0.0,48.8
650,37.72,3.33,0.0,0.0,5.22,7.42,0.0,46.31
651,39.71,1.21,0.0,0.0,6.64,6.84,0.0,45.6
652,38.69,1.5,0.0,0.0,5.73,7.41,0.0,46.66
653,37.89,2.19,0.0,0.0,5.34,7.63,0.0,46.95
654,32.9,1.36,0.0,0.0,2.91,10.46,0.0,52.37
655,36.02,1.58,0.0,0.0,3.42,9.43,0.0,49.55
656,37.75,1.03,0.0,0.0,5.81,7.31,0.0,48.1
657,36.97,0.52,0.0,0.0,4.15,10.32,0.0,48.03
658,35.46,1.18,0.0,0.0,3.22,11.23,0.0,48.89
659,37.06,2.39,0.0,0.0,8.44,4.99,0.0,47.12
660,39.21,1.09,0.0,0.0,8.04,8.0,0.0,43.65
661,37.94,1.72,0.0,0.0,8.31,6.51,0.0,45.51
662,38.71,1.92,0.0,0.0,5.17,7.42,0.0,46.77
663,39.52,0.36,0.0,0.0,9.76,4.98,0.0,45.39
664,38.11,0.0,0.0,0.0,13.68,3.12,0.0,45.09
665,39.81,0.44,0.0,0.0,8.35,5.64,0.0,45.76
666,36.93,5.6,0.0,0.0,3.91,9.46,0.0,44.09
667,39.96,0.36,0.0,0.0,6.77,7.41,0.0,45.51
668,38.44,1.17,0.0,0.0,6.79,6.34,0.0,47.25
669,40.65,0.19,0.0,0.0,9.31,3.94,0.0,45.91
670,36.56,0.29,0.0,0.0,6.24,5.51,0.0,51.39
671,35.19,1.16,0.0,0.0,5.22,7.28,0.0,51.15
672,37.6,0.68,0.0,0.0,4.17,8.92,0.0,48.61
673,36.99,3.68,0.0,0.0,6.37,6.77,0.0,46.19
674,41.03,1.27,0.0,0.0,8.89,4.31,0.0,44.49
675,36.1,0.32,0.0,0.0,5.7,7.61,0.0,50.27
676,41.77,1.23,0.0,0.0,9.19,4.81,0.0,43.0
677,38.98,1.02,0.0,0.0,6.64,7.19,0.0,46.17
678,38.14,0.49,0.0,0.0,7.53,7.18,0.0,46.66
679,36.84,2.94,0.0,0.0,1.74,12.36,0.0,46.12
680,35.32,6.98,0.0,0.0,3.99,8.93,0.0,44.79
681,36.3,1.93,0.0,0.0,5.46,7.12,0.0,49.19
682,40.39,0.26,0.0,0.0,7.65,5.57,0.0,46.13
683,34.75,5.25,0.0,0.0,3.9,10.09,0.0,46.01
684,35.29,2.08,0.0,0.0,3.73,9.64,0.0,49.26
685,36.79,3.29,0.0,0.0,4.95,8.21,0.0,46.76
686,38.99,1.15,0.0,0.0,6.02,6.87,0.0,46.96
687,41.74,0.4,0.0,0.0,8.49,4.13,0.0,45.25
688,38.67,2.07,0.0,0.0,6.39,6.52,0.0,46.35
689,41.42,0.26,0.0,0.0,9.04,4.07,0.0,45.21
690,39.06,1.97,0.0,0.0,5.68,6.65,0.0,46.64
691,39.87,1.3,0.0,0.0,7.23,5.68,0.0,45.93
692,35.8,1.46,0.0,0.0,4.93,7.86,0.0,49.95
693,36.37,0.13,0.0,0.0,8.21,4.48,0.0,50.81
694,37.54,2.0,0.0,0.0,4.7,8.18,0.0,47.59
695,37.36,3.1,0.0,0.0,4.03,8.24,0.0,47.27
696,38.4,0.97,0.0,0.0,7.49,5.0,0.0,48.14
697,38.69,3.71,0.0,0.0,5.45,7.57,0.0,44.58
698,37.51,0.39,0.0,0.0,7.07,6.46,0.0,48.57
699,41.55,1.02,0.0,0.0,8.92,5.42,0.0,43.08
700,38.84,2.22,0.0,0.0,6.98,6.4,0.0,45.55
701,39.69,0.1,0.0,0.0,9.97,4.55,0.0,45.69
702,35.05,1.48,0.0,0.0,3.12,10.23,0.0,50.11
703,37.26,0.04,0.0,0.0,10.97,3.14,0.0,48.59
704,35.72,6.88,0.0,0.0,4.53,8.33,0.0,44.55
705,37.44,1.36,0.0,0.0,5.44,7.54,0.0,48.22
706,36.91,0.77,0.0,0.0,7.54,5.32,0.0,49.47
707,37.54,1.21,0.0,0.0,5.63,7.75,0.0,47.87
708,39.25,0.4,0.0,0.0,4.25,7.76,0.0,48.34
709,41.44,0.39,0.0,0.0,6.88,4.72,0.0,46.58
710,35.86,1.01,0.0,0.0,5.93,5.91,0.0,51.31
711,38.67,2.19,0.0,0.0,5.07,6.59,0.0,47.49
712,38.65,0.18,0.0,0.0,8.45,5.46,0.0,47.26
713,40.26,0.67,0.0,0.0,6.4,4.93,0.0,47.74
714,40.83,1.14,0.0,0.0,7.61,5.16,0.0,45.27
715,37.1,0.42,0.0,0.0,5.95,7.71,0.0,48.82
716,34.13,2.77,0.0,0.0,4.84,9.32,0.0,48.94
717,39.1,0.33,0.0,0.0,7.98,4.7,0.0,47.89
718,35.58,0.87,0.0,0.0,3.19,10.72,0.0,49.64
719,36.63,0.15,0.0,0.0,10.19,5.97,0.0,47.05
720,33.72,3.55,0.0,0.0,2.81,10.15,0.0,49.77
721,38.94,0.53,0.0,0.0,6.39,7.34,0.0,46.79
722,38.37,1.26,0.0,0.0,7.96,6.21,0.0,46.21
723,39.0,2.97,0.0,0.0,5.58,7.73,0.0,44.72
724,38.19,0.26,0.0,0.0,5.88,5.58,0.0,50.1
725,37.92,0.57,0.0,0.0,6.55,7.92,0.0,47.04
726,36.58,1.16,0.0,0.0,5.26,8.81,0.0,48.19
727,35.37,3.74,0.0,0.0,4.65,7.88,0.0,48.36
728,36.78,2.08,0.0,0.0,3.67,9.44,0.0,48.04
729,41.53,0.33,0.0,0.0,9.9,2.3,0.0,45.95
730,36.03,2.19,0.0,0.0,3.69,9.7,0.0,48.39
731,33.35,3.05,0.0,0.0,4.78,8.74,0.0,50.07
732,37.84,3.13,0.0,0.0,4.21,7.97,0.0,46.84
733,35.88,0.09,0.0,0.0,4.91,8.06,0.0,51.06
734,36.54,0.74,0.0,0.0,6.39,7.59,0.0,48.74
735,36.28,4.33,0.0,0.0,5.12,8.6,0.0,45.67
736,39.18,1.51,0.0,0.0,7.31,5.96,0.0,46.04
737,34.4,0.0,0.0,0.0,14.81,0.86,0.0,49.93
738,37.71,0.07,0.0,0.0,5.87,6.92,0.0,49.43
739,37.55,4.71,0.0,0.0,4.23,7.63,0.0,45.88
740,40.29,1.55,0.0,0.0,7.55,6.44,0.0,44.17
741,35.47,1.9,0.0,0.0,2.86,10.53,0.0,49.24
742,35.84,3.62,0.0,0.0,4.81,7.72,0.0,48.02
743,35.98,0.3,0.0,0.0,5.46,4.55,0.0,53.71
744,39.21,1.0,0.0,0.0,8.11,5.68,0.0,46.0
745,34.52,0.16,0.0,0.0,4.57,8.44,0.0,52.3
746,36.55,2.89,0.0,0.0,5.93,8.44,0.0,46.2
747,37.58,0.09,0.0,0.0,5.87,6.58,0.0,49.89
748,39.22,0.5,0.0,0.0,8.26,5.17,0.0,46.86
749,37.79,0.43,0.0,0.0,5.83,6.4,0.0,49.55
750,34.7,0.27,0.0,0.0,4.89,8.88,0.0,51.26
751,33.95,0.37,0.0,0.0,2.95,11.41,0.0,51.32
752,36.34,0.56,0.0,0.0,5.96,5.53,0.0,51.61
753,35.66,3.02,0.0,0.0,7.0,6.51,0.0,47.8
754,39.49,0.05,0.0,0.0,8.59,5.74,0.0,46.12
755,36.12,2.14,0.0,0.0,6.04,6.42,0.0,49.27
756,40.64,1.07,0.0,0.0,6.41,6.02,0.0,45.87
757,37.32,3.6,0.0,0.0,5.84,8.09,0.0,45.15
758,36.31,3.33,0.0,0.0,4.72,8.1,0.0,47.53
759,36.21,0.8,0.0,0.0,10.33,4.18,0.0,48.48
760,36.79,0.21,0.0,0.0,4.69,6.64,0.0,51.67
761,37.86,2.02,0.0,0.0,6.45,6.87,0.0,46.79
762,36.46,2.82,0.0,0.0,5.22,7.74,0.0,47.76
763,40.85,2.31,0.0,0.0,6.2,5.71,0.0,44.94
764,35.62,2.1,0.0,0.0,5.19,8.27,0.0,48.81
765,38.03,3.48,0.0,0.0,4.11,8.57,0.0,45.8
766,38.02,1.26,0.0,0.0,6.43,6.91,0.0,47.38
767,35.02,5.68,0.0,0.0,2.68,9.72,0.0,46.89
768,34.94,3.71,0.0,0.0,6.39,7.39,0.0,47.56
769,37.67,0.13,0.0,0.0,7.22,5.62,0.0,49.36
770,35.76,5.84,0.0,0.0,4.69,7.85,0.0,45.86
771,36.66,2.83,0.0,0.0,4.68,9.25,0.0,46.59
772,41.87,1.45,0.0,0.0,10.18,4.7,0.0,41.79
773,36.44,1.99,0.0,0.0,4.72,8.15,0.0,48.7
774,41.95,0.1,0.0,0.0,8.99,4.34,0.0,44.61
775,37.66,0.94,0.0,0.0,5.46,6.76,0.0,49.17
776,39.1,0.54,0.0,0.0,7.61,5.97,0.0,46.78
777,40.02,0.58,0.0,0.0,7.39,6.84,0.0,45.17
778,40.0,0.36,0.0,0.0,8.58,4.62,0.0,46.44
779,41.12,1.11,0.0,0.0,9.53,3.67,0.0,44.57
780,39.46,0.31,0.0,0.0,6.27,6.07,0.0,47.89
781,40.08,1.25,0.0,0.0,6.03,6.94,0.0,45.7
782,34.94,2.69,0.0,0.0,4.84,9.34,0.0,48.2
783,35.03,0.75,0.0,0.0,4.27,9.74,0.0,50.21
784,35.97,4.45,0.0,0.0,3.96,9.08,0.0,46.54
785,38.48,2.08,0.0,0.0,6.4,6.63,0.0,46.41
786,38.05,0.46,0.0,0.0,8.23,5.45,0.0,47.81
787,36.05,0.06,0.0,0.0,13.64,2.32,0.0,47.93
788,37.76,0.24,0.0,0.0,5.33,7.11,0.0,49.56
789,39.73,0.5,0.0,0.0,9.54,4.25,0.0,45.98
790,38.41,2.26,0.0,0.0,6.25,7.85,0.0,45.23
791,34.16,0.06,0.0,0.0,9.11,6.14,0.0,50.53
792,37.89,2.24,0.0,0.0,4.57,7.83,0.0,47.47
793,39.55,1.02,0.0,0.0,7.9,6.0,0.0,45.53
794,37.7,0.19,0.0,0.0,5.51,7.67,0.0,48.92
795,35.02,2.28,0.0,0.0,3.28,9.0,0.0,50.42
796,36.62,1.14,0.0,0.0,4.63,8.39,0.0,49.23
797,38.03,0.09,0.0,0.0,7.65,3.07,0.0,51.17
798,41.18,1.87,0.0,0.0,7.77,6.04,0.0,43.14
799,40.47,1.41,0.0,0.0,6.55,6.86,0.0,44.71
800,32.71,6.7,0.0,0.0,3.31,10.93,0.0,46.36
801,36.3,0.48,0.0,0.0,3.39,9.42,0.0,50.4
802,38.14,0.31,0.0,0.0,6.4,6.43,0.0,48.72
803,36.74,0.71,0.0,0.0,5.33,8.05,0.0,49.17
804,38.37,0.62,0.0,0.0,7.86,5.65,0.0,47.5
805,38.16,0.67,0.0,0.0,7.73,4.87,0.0,48.56
806,37.27,2.01,0.0,0.0,4.3,8.27,0.0,48.16
807,36.45,2.88,0.0,0.0,3.4,9.45,0.0,47.82
808,36.68,1.1,0.0,0.0,4.61,8.15,0.0,49.46
809,40.47,0.43,0.0,0.0,10.22,5.81,0.0,43.07
810,32.8,1.07,0.0,0.0,3.8,10.19,0.0,52.14
811,39.08,0.24,0.0,0.0,9.16,4.0,0.0,47.51
812,36.15,1.18,0.0,0.0,7.49,5.88,0.0,49.3
813,38.04,2.67,0.0,0.0,3.72,6.39,0.0,49.18
814,36.18,0.91,0.0,0.0,6.57,6.73,0.0,49.61
815,37.25,1.81,0.0,0.0,5.96,7.54,0.0,47.45
816,33.68,4.89,0.0,0.0,4.75,8.39,0.0,48.29
817,40.74,1.1,0.0,0.0,6.02,5.76,0.0,46.38
818,40.27,0.65,0.0,0.0,7.26,6.69,0.0,45.12
819,36.92,0.01,0.0,0.0,8.46,5.95,0.0,48.67
820,38.19,1.37,0.0,0.0,6.54,7.28,0.0,46.63
821,37.7,2.73,0.0,0.0,4.32,7.71,0.0,47.53
822,38.13,1.62,0.0,0.0,6.19,6.98,0.0,47.08
823,41.16,0.36,0.0,0.0,7.84,5.82,0.0,44.82
824,36.78,1.6,0.0,0.0,5.05,7.06,0.0,49.51
825,38.41,1.21,0.0,0.0,4.85,7.13,0.0,48.39
826,36.07,1.41,0.0,0.0,4.39,8.92,0.0,49.21
827,40.1,1.97,0.0,0.0,7.15,5.56,0.0,45.23
828,38.42,1.01,0.0,0.0,6.0,7.06,0.0,47.51
829,38.81,1.52,0.0,0.0,6.71,6.92,0.0,46.04
830,36.9,0.62,0.0,0.0,9.3,4.06,0.0,49.13
831,40.19,0.37,0.0,0.0,6.21,5.3,0.0,47.92
832,36.24,1.99,0.0,0.0,6.01,6.97,0.0,48.79
833,38.03,1.13,0.0,0.0,6.15,7.32,0.0,47.37
834,37.98,0.48,0.0,0.0,5.98,8.59,0.0,46.97
835,39.83,0.27,0.0,0.0,7.38,6.79,0.0,45.73
836,37.03,2.19,0.0,0.0,5.2,7.96,0.0,47.61
837,35.62,0.3,0.0,0.0,5.81,6.49,0.0,51.78
838,37.66,1.82,0.0,0.0,5.27,7.41,0.0,47.83
839,38.43,0.13,0.0,0.0,7.19,4.82,0.0,49.43
840,39.08,0.96,0.0,0.0,6.76,6.38,0.0,46.82
841,36.6,2.41,0.0,0.0,4.45,8.54,0.0,48.0
842,38.67,0.83,0.0,0.0,5.83,7.51,0.0,47.15
843,35.0,0.07,0.0,0.0,8.26,6.67,0.0,50.0
844,36.86,7.82,0.0,0.0,4.0,9.19,0.0,42.14
845,40.68,0.85,0.0,0.0,8.97,5.05,0.0,44.45
846,40.97,0.79,0.0,0.0,6.48,5.69,0.0,46.07
847,34.85,2.63,0.0,0.0,4.13,10.97,0.0,47.42
848,39.3,1.02,0.0,0.0,7.48,5.29,0.0,46.92
849,36.47,2.27,0.0,0.0,4.56,8.15,0.0,48.55
850,37.08,2.09,0.0,0.0,7.19,7.42,0.0,46.21
851,35.16,6.68,0.0,0.0,4.24,10.13,0.0,43.79
852,34.71,2.29,0.0,0.0,3.22,10.28,0.0,49.49
853,40.61,0.21,0.0,0.0,7.62,4.51,0.0,47.05
854,37.76,0.73,0.0,0.0,5.54,8.38,0.0,47.59
855,37.03,2.86,0.0,0.0,4.72,6.95,0.0,48.43
856,35.44,0.03,0.0,0.0,11.89,3.25,0.0,49.39
857,36.67,1.2,0.0,0.0,5.08,7.08,0.0,49.96
858,36.29,3.39,0.0,0.0,5.71,7.53,0.0,47.08
859,38.28,0.0,0.0,0.0,7.2,5.39,0.0,49.12
860,39.45,1.46,0.0,0.0,8.16,5.35,0.0,45.58
861,35.6,3.53,0.0,0.0,3.73,9.36,0.0,47.78
862,36.38,1.16,0.0,0.0,5.55,8.07,0.0,48.84
863,37.98,0.29,0.0,0.0,12.31,3.45,0.0,45.97
864,38.31,0.36,0.0,0.0,7.16,6.99,0.0,47.18
865,36.55,0.3,0.0,0.0,4.53,9.28,0.0,49.34
866,36.98,1.4,0.0,0.0,5.99,7.39,0.0,48.23
867,36.89,0.57,0.0,0.0,6.41,8.15,0.0,47.98
868,42.35,0.11,0.0,0.0,11.18,3.59,0.0,42.77
869,38.44,1.52,0.0,0.0,6.42,7.6,0.0,46.02
870,35.87,1.62,0.0,0.0,4.17,9.05,0.0,49.29
871,38.85,0.18,0.0,0.0,7.02,5.19,0.0,48.75
872,35.28,1.89,0.0,0.0,4.06,9.38,0.0,49.38
873,38.01,0.71,0.0,0.0,4.39,7.81,0.0,49.07
874,34.97,3.59,0.0,0.0,3.02,9.95,0.0,48.47
875,37.56,0.27,0.0,0.0,6.08,7.89,0.0,48.2
876,39.6,0.33,0.0,0.0,6.42,6.51,0.0,47.14
877,39.68,0.87,0.0,0.0,5.83,7.28,0.0,46.34
878,37.09,0.81,0.0,0.0,6.22,5.75,0.0,50.12
879,37.98,1.42,0.0,0.0,4.7,8.21,0.0,47.69
880,36.55,0.74,0.0,0.0,6.08,6.69,0.0,49.94
881,38.13,0.96,0.0,0.0,6.47,8.17,0.0,46.27
882,37.19,3.25,0.0,0.0,4.43,8.04,0.0,47.09
883,38.18,0.42,0.0,0.0,7.45,6.95,0.0,47.0
884,39.63,0.81,0.0,0.0,7.48,6.77,0.0,45.31
885,38.54,1.24,0.0,0.0,7.94,5.83,0.0,46.45
886,37.21,4.66,0.0,0.0,5.37,8.69,0.0,44.07
887,33.81,3.84,0.0,0.0,3.03,9.41,0.0,49.9
888,36.66,0.45,0.0,0.0,4.58,7.48,0.0,50.82
889,40.03,1.41,0.0,0.0,8.85,6.18,0.0,43.54
890,38.46,0.07,0.0,0.0,11.81,2.92,0.0,46.74
891,37.35,0.63,0.0,0.0,6.77,6.35,0.0,48.89
892,35.44,1.81,0.0,0.0,4.47,10.21,0.0,48.07
893,37.73,3.15,0.0,0.0,4.19,8.31,0.0,46.61
894,36.41,1.43,0.0,0.0,4.43,8.12,0.0,49.61
895,38.51,1.34,0.0,0.0,6.86,6.36,0.0,46.94
896,41.12,0.26,0.0,0.0,9.23,5.16,0.0,44.22
897,35.84,7.28,0.0,0.0,5.01,8.22,0.0,43.65
898,37.5,2.06,0.0,0.0,5.65,6.89,0.0,47.9
899,40.18,0.13,0.0,0.0,7.42,5.79,0.0,46.48
900,40.32,1.58,0.0,0.0,7.65,5.03,0.0,45.42
901,37.31,1.01,0.0,0.0,7.18,8.43,0.0,46.07
902,35.94,1.41,0.0,0.0,5.11,8.62,0.0,48.93
903,36.65,0.83,0.0,0.0,6.37,7.43,0.0,48.72
904,39.72,1.14,0.0,0.0,8.29,6.72,0.0,44.14
905,35.21,0.36,0.0,0.0,13.1,2.83,0.0,48.5
906,39.59,1.43,0.0,0.0,6.33,5.75,0.0,46.9
907,37.86,0.19,0.0,0.0,6.21,7.38,0.0,48.37
908,38.56,1.75,0.0,0.0,6.08,7.61,0.0,46.01
909,39.98,0.91,0.0,0.0,4.87,7.77,0.0,46.46
910,38.26,0.76,0.0,0.0,4.96,8.4,0.0,47.62
911,35.44,3.24,0.0,0.0,4.83,7.82,0.0,48.66
912,37.68,0.99,0.0,0.0,5.41,6.28,0.0,49.64
913,36.7,1.15,0.0,0.0,4.44,7.34,0.0,50.37
914,39.81,0.55,0.0,0.0,8.27,5.46,0.0,45.91
915,35.55,2.02,0.0,0.0,7.46,7.92,0.0,47.05
916,38.32,4.52,0.0,0.0,7.84,6.05,0.0,43.27
917,37.38,3.2,0.0,0.0,7.62,5.0,0.0,46.8
918,40.6,0.48,0.0,0.0,7.52,4.87,0.0,46.54
919,39.52,1.52,0.0,0.0,5.65,6.21,0.0,47.11
920,35.95,0.54,0.0,0.0,5.86,8.9,0.0,48.75
921,43.74,0.82,0.0,0.0,9.45,3.57,0.0,42.43
922,38.48,1.66,0.0,0.0,5.5,6.14,0.0,48.21
923,37.26,2.45,0.0,0.0,5.9,7.99,0.0,46.39
924,39.3,0.75,0.0,0.0,5.48,5.94,0.0,48.53
925,39.64,2.73,0.0,0.0,5.64,6.77,0.0,45.22
926,37.89,0.2,0.0,0.0,6.43,5.92,0.0,49.56
927,37.95,1.81,0.0,0.0,5.82,5.96,0.0,48.47
928,38.2,1.17,0.0,0.0,3.71,7.62,0.0,49.31
929,36.9,0.89,0.0,0.0,5.8,8.32,0.0,48.09
930,36.99,1.78,0.0,0.0,5.08,7.61,0.0,48.54
931,40.49,1.66,0.0,0.0,7.28,5.92,0.0,44.65
932,36.87,1.28,0.0,0.0,5.07,8.37,0.0,48.4
933,36.53,0.18,0.0,0.0,10.39,4.92,0.0,47.98
934,37.72,1.06,0.0,0.0,6.38,6.13,0.0,48.71
935,36.6,0.98,0.0,0.0,5.09,9.04,0.0,48.28
936,36.36,0.19,0.0,0.0,5.03,10.0,0.0,48.42
